data/AutoSurvey Results/ProFlex/IGS Corrections/igrg3430.20i
     1.0            IONOSPHERE MAPS     MIX                 IONEX VERSION / TYPE
tecrms2ionex_2.awk  GRL/UWM            12/17/20 1612UT      PGM / RUN BY / DATE
Global ionosphere maps for day 343, 2020 ( 8-12-2020)       DESCRIPTION
IONEX file containing the COMBINED IGS Ionosphere maps      DESCRIPTION
from the combination of the following IAACs:                DESCRIPTION
esrg                                                        DESCRIPTION
jprg                                                        DESCRIPTION
Contact address: Andrzej Krankowski                         DESCRIPTION
                 Geodynamics Research Laboratory            DESCRIPTION
                 University of Warmia and Mazury (GRL/UWM)  DESCRIPTION
                 Oczapowski St. 1                           DESCRIPTION
                 10-957-Olsztyn, POLAND                     DESCRIPTION
                 e-mail:  kand@uwm.edu.pl                   DESCRIPTION
                                                            DESCRIPTION
  2020    12     8     0     0     0                        EPOCH OF FIRST MAP
  2020    12     9     0     0     0                        EPOCH OF LAST MAP
  7200                                                      INTERVAL
    13                                                      # OF MAPS IN FILE
  COSZ                                                      MAPPING FUNCTION
     0.0                                                    ELEVATION CUTOFF
Combined TEC calculated as weighted mean of input TEC valuesOBSERVABLES USED
   309                                                      # OF STATIONS
     0                                                      # OF SATELLITES
  6371.0                                                    BASE RADIUS
     2                                                      MAP DIMENSION
   450.0 450.0   0.0                                        HGT1 / HGT2 / DHGT
    87.5 -87.5  -2.5                                        LAT1 / LAT2 / DLAT
  -180.0 180.0   5.0                                        LON1 / LON2 / DLON
    -1                                                      EXPONENT
TEC values in  0.1 TECUs; 9999 if no value available        COMMENT
DCB values in nanoseconds, reference is Sum_of_SatDCBs = 0  COMMENT
                                                            END OF HEADER
[from data line 3003]
     8                                                      START OF TEC MAP
  2020    12     8    14     0     0                        EPOCH OF CURRENT MAP
    87.5-180.0 180.0   5.0 450.0                            LAT/LON1/LON2/DLON/H
   34   34   33   33   33   33   33   33   33   33   32   32   32   32   32   31
   31   30   30   30   30   29   29   29   29   29   29   28   28   28   28   28
   28   28   28   28   28   28   28   28   28   28   28   28   29   29   29   29
   29   29   30   30   30   31   31   31   31   31   32   32   32   32   32   32
   33   33   33   33   33   33   34   34   34
    85.0-180.0 180.0   5.0 450.0                            LAT/LON1/LON2/DLON/H
   35   35   35   35   36   36   35   35   34   35   34   34   33   32   32   31
   31   30   29   29   28   28   28   27   27   26   26   26   25   25   25   25
   25   25   25   25   25   25   25   25   25   25   25   26   26   26   26   27
   27   28   28   29   29   29   30   31   31   31   32   32   32   33   33   33
   33   34   34   35   35   35   35   35   35
    82.5-180.0 180.0   5.0 450.0                            LAT/LON1/LON2/DLON/H
   35   35   36   36   36   36   36   37   36   36   36   35   35   34   34   32
   32   31   30   29   28   28   27   26   26   25   25   25   25   25   25   24
   25   24   24   24   24   24   23   23   23   23   23   24   24   24   24   24
   24   25   26   26   27   27   28   29   29   30   30   30   31   31   32   32
   32   33   33   33   33   34   34   35   35
    80.0-180.0 180.0   5.0 450.0                            LAT/LON1/LON2/DLON/H
   33   34   35   35   36   37   37   37   37   37   37   37   37   35   35   34
   33   32   31   30   29   28   28   28   27   27   27   26   27   26   27   27
   26   26   26   25   25   24   23   22   22   21   21   21   20   20   21   21
   21   22   22   23   24   24   25   26   26   27   27   28   28   29   29   29
   29   29   30   30   31   31   32   32   33
    77.5-180.0 180.0   5.0 450.0                            LAT/LON1/LON2/DLON/H
   29   31   32   33   34   35   36   37   37   37   37   37   37   36   35   35
   34   33   32   31   31   30   31   31   31   31   31   31   31   31   32   32
   31   31   30   29   28   26   24   23   22   20   19   18   18   18   17   18
   18   18   19   19   20   21   22   23   23   24   25   25   25   26   25   25
   26   26   26   26   26   27   27   28   29
    75.0-180.0 180.0   5.0 450.0                            LAT/LON1/LON2/DLON/H
   26   27   29   30   32   33   34   34   35   36   36   36   35   35   35   35
   34   34   34   34   33   34   34   34   35   36   36   37   38   38   39   39
   39   38   37   35   33   30   28   25   23   21   19   18   16   16   15   15
   16   16   16   17   17   18   19   20   20   21   22   22   22   23   22   22
   21   21   21   21   22   22   23   24   26
    72.5-180.0 180.0   5.0 450.0                            LAT/LON1/LON2/DLON/H
   22   24   26   28   29   30   31   31   31   32   32   32   32   33   33   33
   34   34   34   35   36   38   39   40   41   42   44   45   46   47   47   48
   47   47   45   43   39   36   32   28   25   22   20   18   17   16   15   15
   14   14   15   15   16   17   18   18   19   20   20   20   20   20   20   20
   20   19   18   18   18   18   19   21   22
    70.0-180.0 180.0   5.0 450.0                            LAT/LON1/LON2/DLON/H
   20   22   24   26   26   27   27   27   27   27   27   27   28   29   29   29
   31   32   34   36   39   42   43   45   47   49   51   52   53   55   56   56
   56   55   54   51   47   42   38   34   29   26   23   21   19   18   17   16
   15   15   15   15   16   16   17   18   19   20   21   21   21   21   20   20
   19   18   17   17   16   16   17   19   20
    67.5-180.0 180.0   5.0 450.0                            LAT/LON1/LON2/DLON/H
   21   23   25   25   26   25   24   24   24   23   23   23   23   23   23   24
   26   29   32   36   41   44   47   50   52   54   57   60   61   63   64   65
   65   64   61   58   54   49   44   39   35   31   28   26   24   22   21   20
   18   18   17   17   17   18   18   19   21   21   23   23   23   23   23   22
   21   20   19   18   17   17   18   19   21
    65.0-180.0 180.0   5.0 450.0                            LAT/LON1/LON2/DLON/H
   24   26   27   27   27   25   24   22   21   20   19   19   18   17   18   19
   21   25   30   36   42   47   50   53   56   59   62   65   68   69   71   72
   72   72   69   66   61   56   51   45   41   38   35   33   31   29   26   24
   22   20   19   19   19   20   21   22   23   25   26   26   26   27   27   26
   26   25   24   22   22   21   22   23   24
    62.5-180.0 180.0   5.0 450.0                            LAT/LON1/LON2/DLON/H
   30   31   32   31   30   27   25   23   21   19   17   16   15   14   14   14
   17   22   29   35   42   48   52   55   58   62   66   69   72   75   77   79
   80   78   76   73   68   62   57   52   48   45   43   41   39   36   32   30
   27   24   22   21   21   22   23   25   26   28   29   31   32   32   32   33
   32   32   31   30   28   27   27   29   30
    60.0-180.0 180.0   5.0 450.0                            LAT/LON1/LON2/DLON/H
   37   38   38   37   35   31   28   25   23   21   19   17   15   13   12   13
   16   21   28   36   43   48   53   57   60   64   69   73   76   80   83   85
   86   85   83   79   74   69   63   59   56   54   51   50   47   43   39   34
   30   27   24   23   24   24   26   28   30   32   35   36   37   38   39   39
   40   39   39   38   36   36   36   37   37
    57.5-180.0 180.0   5.0 450.0                            LAT/LON1/LON2/DLON/H
   45   46   45   44   41   38   34   31   28   26   23   21   18   16   14   14
   17   22   30   37   45   50   54   59   63   68   72   76   81   85   88   91
   92   92   90   85   81   76   71   66   63   61   60   58   55   50   45   39
   35   30   28   27   27   28   30   32   35   37   39   42   43   45   46   46
   47   47   46   45   45   44   43   44   45
    55.0-180.0 180.0   5.0 450.0                            LAT/LON1/LON2/DLON/H
   52   53   54   53   50   46   43   39   36   33   31   28   24   22   20   20
   23   27   34   42   49   53   57   62   67   73   77   82   86   90   94   97
   99   98   96   92   87   82   77   73   71   69   68   65   62   56   50   44
   39   35   32   31   32   33   35   37   40   43   45   48   50   51   52   53
   53   53   52   52   51   50   51   51   52
    52.5-180.0 180.0   5.0 450.0                            LAT/LON1/LON2/DLON/H
   59   61   61   61   59   56   52   49   46   42   40   37   33   30   28   28
   31   35   42   49   55   58   62   67   73   80   86   90   94   98  102  104
  106  105  102   98   94   89   84   81   78   76   75   72   68   63   56   50
   45   41   39   38   39   41   42   44   46   49   52   54   56   58   58   58
   58   57   56   56   56   56   56   57   59
    50.0-180.0 180.0   5.0 450.0                            LAT/LON1/LON2/DLON/H
   63   66   67   69   67   65   61   58   55   53   50   47   43   41   38   37
   40   44   51   57   62   65   69   75   82   90   96  101  104  107  109  111
  112  111  108  105  100   96   92   89   86   84   82   79   75   69   62   57
   52   50   48   48   48   50   51   53   55   57   59   61   63   64   64   63
   62   60   59   58   58   58   59   61   63
    47.5-180.0 180.0   5.0 450.0                            LAT/LON1/LON2/DLON/H
   65   69   72   74   74   72   70   67   65   62   59   56   53   50   47   47
   49   55   61   67   71   74   78   85   93  103  109  114  116  117  118  117
  117  116  113  109  106  102  100   96   94   91   89   85   81   75   70   65
   61   59   58   59   60   60   62   62   63   64   66   68   70   69   69   67
   65   62   60   59   59   60   61   63   65
    45.0-180.0 180.0   5.0 450.0                            LAT/LON1/LON2/DLON/H
   66   70   73   76   77   77   76   74   72   69   67   64   61   58   55   55
   58   64   71   77   81   83   88   95  105  116  123  128  128  128  126  123
  121  119  116  113  111  109  108  105  103   99   96   92   87   82   77   74
   71   70   69   70   70   71   71   71   71   72   73   74   75   74   74   71
   68   64   61   60   60   61   62   64   66
    42.5-180.0 180.0   5.0 450.0                            LAT/LON1/LON2/DLON/H
   66   69   72   75   77   77   77   77   76   75   73   69   66   64   62   62
   66   72   80   86   90   94   98  105  116  129  137  141  141  137  132  128
  124  121  119  117  116  116  116  115  113  109  104   99   93   88   84   81
   80   79   79   79   79   79   78   78   77   77   77   78   78   78   76   74
   70   66   63   61   61   62   62   64   66
    40.0-180.0 180.0   5.0 450.0                            LAT/LON1/LON2/DLON/H
   65   68   70   72   74   75   76   76   77   76   75   73   71   69   67   68
   72   79   88   95   99  102  107  115  126  139  149  153  151  145  138  133
  127  124  123  122  122  124  126  127  125  119  113  107  100   96   92   89
   87   86   86   85   84   83   82   82   81   80   80   79   79   79   78   76
   72   69   66   64   63   62   63   64   65
    37.5-180.0 180.0   5.0 450.0                            LAT/LON1/LON2/DLON/H
   64   66   68   68   69   69   71   73   75   76   75   73   72   71   71   74
   79   87   95  102  106  110  115  123  134  147  156  160  158  151  144  138
  133  130  129  129  131  134  138  140  138  132  124  117  109  103   99   95
   92   91   90   88   87   85   84   83   82   81   80   79   79   79   78   77
   75   72   69   67   65   64   63   63   64
    35.0-180.0 180.0   5.0 450.0                            LAT/LON1/LON2/DLON/H
   64   64   64   64   63   64   65   69   72   73   74   73   72   73   76   79
   85   93  101  108  112  116  121  129  140  151  160  163  160  154  149  144
  142  140  141  142  144  148  152  155  153  147  137  128  120  113  107  101
   97   94   92   90   87   84   83   82   81   79   78   78   78   78   78   78
   77   74   72   70   67   66   64   64   64
    32.5-180.0 180.0   5.0 450.0                            LAT/LON1/LON2/DLON/H
   63   63   61   60   58   58   60   63   66   69   70   71   72   75   79   85
   91   99  106  112  116  121  125  133  141  151  158  161  159  156  154  154
  154  156  157  159  162  165  169  171  168  162  152  143  133  124  117  110
  104   99   96   92   88   84   83   81   80   77   76   76   77   77   78   78
   78   76   74   72   69   67   66   64   63
    30.0-180.0 180.0   5.0 450.0                            LAT/LON1/LON2/DLON/H
   64   63   61   58   56   55   55   58   62   65   67   68   71   76   83   91
   98  104  110  115  120  124  129  135  141  148  154  157  157  157  160  165
  171  176  178  181  184  186  188  187  185  179  170  160  150  140  129  121
  114  108  103   96   91   87   85   83   80   77   76   76   77   78   79   79
   78   77   75   73   70   68   66   65   64
    27.5-180.0 180.0   5.0 450.0                            LAT/LON1/LON2/DLON/H
   64   63   61   58   55   53   53   55   58   61   63   65   69   77   87   96
  103  109  113  117  121  126  131  136  141  145  149  151  153  159  169  180
  192  199  204  208  210  209  208  205  202  197  190  181  170  159  147  136
  127  121  114  106   98   93   90   88   84   79   78   77   79   80   80   80
   79   77   75   73   70   68   66   65   64
    25.0-180.0 180.0   5.0 450.0                            LAT/LON1/LON2/DLON/H
   66   65   63   59   56   53   53   54   57   59   61   64   68   77   89  100
  108  113  116  120  124  129  133  137  139  142  145  148  154  165  180  198
  215  226  232  236  236  233  227  222  220  217  212  205  194  181  168  156
  146  137  129  119  109  104  101   97   91   86   82   81   82   83   82   81
   79   77   75   73   71   68   67   66   66
    22.5-180.0 180.0   5.0 450.0                            LAT/LON1/LON2/DLON/H
   68   68   66   62   59   56   54   54   56   58   60   63   68   78   91  102
  111  116  119  122  126  132  136  139  140  141  145  149  159  175  197  220
  240  253  260  262  261  254  245  239  237  237  236  231  221  207  192  179
  167  158  148  135  125  119  115  111  103   96   90   88   87   86   84   82
   79   76   75   74   71   69   68   68   68
    20.0-180.0 180.0   5.0 450.0                            LAT/LON1/LON2/DLON/H
   70   71   70   66   63   59   57   56   57   58   60   63   69   79   92  104
  113  119  122  125  129  136  140  142  143  145  149  156  170  190  216  241
  263  276  283  284  280  271  260  254  255  259  261  258  249  234  218  203
  190  178  167  153  143  136  132  126  118  108  100   95   91   88   86   82
   79   76   75   74   72   70   69   69   70
    17.5-180.0 180.0   5.0 450.0                            LAT/LON1/LON2/DLON/H
   73   74   73   70   66   63   60   59   58   59   60   64   71   81   93  106
  115  120  125  129  134  140  145  147  148  151  157  168  185  209  236  262
  283  296  301  299  292  282  272  269  273  281  286  284  275  260  243  227
  213  198  184  170  159  152  147  141  133  122  111  102   96   91   86   82
   78   76   76   76   74   72   70   70   73
    15.0-180.0 180.0   5.0 450.0                            LAT/LON1/LON2/DLON/H
   73   75   74   72   68   65   63   61   60   60   61   66   73   83   96  108
  116  123  128  133  139  145  149  152  155  160  168  182  203  229  256  281
  299  309  311  307  299  290  283  283  291  302  309  308  299  284  267  250
  233  215  198  183  172  165  160  153  145  133  121  110  101   94   87   82
   78   77   78   77   76   74   71   71   73
    12.5-180.0 180.0   5.0 450.0                            LAT/LON1/LON2/DLON/H
   72   73   73   70   67   65   63   61   60   60   62   68   76   86   98  109
  118  125  132  137  143  149  154  158  162  169  181  198  221  247  273  295
  309  316  316  311  303  296  294  299  310  322  329  329  319  305  288  270
  250  229  208  191  181  173  168  161  153  142  129  117  107   98   90   84
   80   78   79   79   77   75   72   71   72
    10.0-180.0 180.0   5.0 450.0                            LAT/LON1/LON2/DLON/H
   70   69   68   65   63   62   61   59   59   59   62   69   79   91  102  112
  121  128  135  141  148  153  158  163  170  179  194  213  237  263  286  303
  314  319  319  314  309  306  308  316  328  341  347  346  337  323  307  288
  265  239  214  195  183  176  170  163  156  146  136  125  115  105   96   88
   82   80   81   81   80   76   72   70   70
     7.5-180.0 180.0   5.0 450.0                            LAT/LON1/LON2/DLON/H
   66   65   62   58   56   56   56   55   55   57   61   69   81   93  105  116
  123  130  138  144  151  157  163  169  177  189  206  228  252  276  296  310
  318  322  323  321  320  322  327  337  349  359  364  360  352  339  323  303
  278  247  218  196  183  175  169  163  157  150  142  134  126  117  106   96
   88   84   83   83   81   78   73   69   66
     5.0-180.0 180.0   5.0 450.0                            LAT/LON1/LON2/DLON/H
   64   61   56   51   49   50   49   49   50   52   57   68   82   96  108  119
  126  133  140  147  154  160  166  174  184  199  218  240  264  287  305  315
  322  327  331  335  339  345  352  360  370  377  379  374  366  354  338  318
  290  256  223  197  182  173  167  163  158  153  149  145  139  131  120  107
   96   90   87   85   83   79   74   69   64
     2.5-180.0 180.0   5.0 450.0                            LAT/LON1/LON2/DLON/H
   66   59   53   47   44   43   44   43   44   46   53   66   82   98  111  122
  129  135  142  150  156  164  172  181  194  210  230  252  275  295  311  321
  328  335  345  354  364  372  379  385  391  396  395  388  379  368  353  332
  302  265  229  201  183  173  169  166  163  160  160  159  155  147  135  121
  107   98   92   89   86   82   77   71   66
