data/AutoSurvey Results/ProFlex/IGS Corrections/igrg3440.20i
     1.0            IONOSPHERE MAPS     MIX                 IONEX VERSION / TYPE
tecrms2ionex_2.awk  GRL/UWM            12/17/20 1712UT      PGM / RUN BY / DATE
Global ionosphere maps for day 344, 2020 ( 9-12-2020)       DESCRIPTION
IONEX file containing the COMBINED IGS Ionosphere maps      DESCRIPTION
from the combination of the following IAACs:                DESCRIPTION
esrg                                                        DESCRIPTION
jprg                                                        DESCRIPTION
Contact address: Andrzej Krankowski                         DESCRIPTION
                 Geodynamics Research Laboratory            DESCRIPTION
                 University of Warmia and Mazury (GRL/UWM)  DESCRIPTION
                 Oczapowski St. 1                           DESCRIPTION
                 10-957-Olsztyn, POLAND                     DESCRIPTION
                 e-mail:  kand@uwm.edu.pl                   DESCRIPTION
                                                            DESCRIPTION
  2020    12     9     0     0     0                        EPOCH OF FIRST MAP
  2020    12    10     0     0     0                        EPOCH OF LAST MAP
  7200                                                      INTERVAL
    13                                                      # OF MAPS IN FILE
  COSZ                                                      MAPPING FUNCTION
     0.0                                                    ELEVATION CUTOFF
Combined TEC calculated as weighted mean of input TEC valuesOBSERVABLES USED
   314                                                      # OF STATIONS
     0                                                      # OF SATELLITES
  6371.0                                                    BASE RADIUS
     2                                                      MAP DIMENSION
   450.0 450.0   0.0                                        HGT1 / HGT2 / DHGT
    87.5 -87.5  -2.5                                        LAT1 / LAT2 / DLAT
  -180.0 180.0   5.0                                        LON1 / LON2 / DLON
    -1                                                      EXPONENT
TEC values in  0.1 TECUs; 9999 if no value available        COMMENT
DCB values in nanoseconds, reference is Sum_of_SatDCBs = 0  COMMENT
                                                            END OF HEADER
[from data line 3003]
     8                                                      START OF TEC MAP
  2020    12     9    14     0     0                        EPOCH OF CURRENT MAP
    87.5-180.0 180.0   5.0 450.0                            LAT/LON1/LON2/DLON/H
   42   42   42   42   41   41   41   40   40   40   40   40   40   40   40   40
   40   40   40   40   40   40   40   40   40   40   41   41   41   42   42   42
   43   43   43   44   44   45   45   45   46   46   46   46   47   47   47   47
   47   47   47   47   47   47   47   47   46   46   46   46   46   45   45   45
   45   44   44   44   44   43   43   43   42
    85.0-180.0 180.0   5.0 450.0                            LAT/LON1/LON2/DLON/H
   39   39   39   38   38   38   38   38   38   38   37   37   37   36   36   36
   36   36   35   35   35   35   35   36   36   37   37   37   38   38   39   40
   40   41   42   43   43   44   45   45   46   46   47   47   47   48   48   48
   48   48   48   48   48   48   48   47   47   47   47   46   46   45   44   44
   43   43   42   42   41   41   40   40   39
    82.5-180.0 180.0   5.0 450.0                            LAT/LON1/LON2/DLON/H
   36   36   36   35   35   35   35   35   35   36   36   35   35   34   33   33
   33   32   32   31   32   31   31   31   32   32   33   34   34   35   36   37
   37   38   39   40   41   41   42   43   43   43   44   45   45   45   45   46
   46   46   46   46   46   46   45   45   45   44   44   44   43   43   42   41
   40   40   39   38   38   37   37   36   36
    80.0-180.0 180.0   5.0 450.0                            LAT/LON1/LON2/DLON/H
   32   32   32   33   33   33   34   34   35   35   35   35   35   34   33   33
   32   31   31   30   29   29   28   29   29   30   31   32   32   33   35   35
   36   36   37   37   37   38   38   38   39   39   39   39   40   41   40   41
   41   41   41   41   41   41   41   41   41   40   40   39   39   38   38   37
   36   35   34   34   33   33   33   32   32
    77.5-180.0 180.0   5.0 450.0                            LAT/LON1/LON2/DLON/H
   29   30   30   31   31   32   34   35   35   36   36   36   35   35   34   33
   32   31   30   29   29   28   28   29   29   30   31   32   33   34   36   36
   37   37   37   36   35   34   34   33   33   33   33   33   33   33   34   34
   35   34   34   34   34   34   34   34   34   34   34   34   34   34   33   33
   32   31   30   29   29   29   29   29   29
    75.0-180.0 180.0   5.0 450.0                            LAT/LON1/LON2/DLON/H
   28   28   29   30   31   32   33   34   36   36   37   37   36   36   35   34
   33   32   31   31   30   30   31   31   32   33   34   36   37   38   40   40
   40   40   39   37   35   33   31   29   28   27   27   26   26   27   27   27
   27   27   26   26   26   26   26   27   27   27   28   29   29   29   28   28
   28   27   27   26   26   26   26   27   28
    72.5-180.0 180.0   5.0 450.0                            LAT/LON1/LON2/DLON/H
   27   27   28   30   31   32   32   34   34   35   36   36   37   36   35   34
   34   33   32   32   33   34   35   36   37   39   40   42   44   45   46   46
   46   44   42   39   37   33   30   27   25   23   22   22   22   22   22   21
   21   21   20   19   20   19   20   20   21   22   23   24   25   25   25   25
   25   24   24   24   24   24   24   25   27
    70.0-180.0 180.0   5.0 450.0                            LAT/LON1/LON2/DLON/H
   28   29   30   30   31   31   31   32   33   33   34   34   34   34   33   33
   32   32   33   34   36   38   40   42   44   46   48   50   52   53   53   53
   52   51   48   44   40   36   31   27   24   23   21   20   20   20   20   19
   18   17   16   16   15   15   15   16   17   19   20   21   22   23   23   22
   23   22   23   23   23   24   25   26   28
    67.5-180.0 180.0   5.0 450.0                            LAT/LON1/LON2/DLON/H
   30   32   32   32   31   30   30   30   29   30   31   30   30   29   29   28
   29   30   32   35   39   43   45   48   51   53   56   58   60   61   61   61
   60   57   54   50   45   40   35   31   28   25   23   23   22   22   21   19
   18   16   15   13   13   13   14   14   16   17   18   20   21   22   23   22
   23   22   22   22   23   25   27   29   30
    65.0-180.0 180.0   5.0 450.0                            LAT/LON1/LON2/DLON/H
   34   35   35   33   31   29   27   26   26   26   26   25   25   24   23   23
   24   26   31   36   42   46   50   53   56   60   63   65   66   67   68   68
   67   64   61   56   52   45   40   36   32   30   30   29   28   27   25   23
   21   18   16   15   14   14   14   15   17   18   20   21   23   23   23   24
   23   24   24   24   25   27   30   32   34
    62.5-180.0 180.0   5.0 450.0                            LAT/LON1/LON2/DLON/H
   38   39   39   36   32   28   26   24   23   23   22   21   20   19   17   17
   19   23   29   36   43   49   54   57   60   64   67   69   72   73   74   74
   73   72   68   64   58   53   47   43   40   38   37   36   35   33   31   28
   25   22   19   18   17   17   18   18   19   21   23   24   25   27   28   28
   27   27   26   27   29   31   34   36   38
    60.0-180.0 180.0   5.0 450.0                            LAT/LON1/LON2/DLON/H
   43   44   43   39   34   29   25   23   21   21   20   19   17   15   14   14
   16   21   28   37   44   51   56   60   64   67   70   72   75   77   78   79
   79   78   76   71   66   61   55   51   48   46   45   45   43   41   38   34
   31   27   24   23   22   22   22   23   24   26   27   29   30   32   32   32
   31   30   31   31   32   35   38   41   43
    57.5-180.0 180.0   5.0 450.0                            LAT/LON1/LON2/DLON/H
   49   50   48   44   38   32   28   25   23   22   21   20   18   16   14   14
   17   23   31   39   47   53   58   62   65   69   73   76   78   80   82   84
   85   84   82   79   74   69   63   60   57   55   54   54   52   50   45   41
   37   33   29   28   28   28   29   30   31   32   33   35   37   37   38   38
   38   36   35   35   37   40   43   46   49
    55.0-180.0 180.0   5.0 450.0                            LAT/LON1/LON2/DLON/H
   55   56   54   50   45   39   33   30   28   26   26   25   22   19   18   18
   21   27   35   44   51   57   61   65   69   73   76   80   82   85   87   89
   90   91   89   86   82   77   72   69   67   65   64   63   61   58   53   48
   44   39   36   35   35   36   37   38   39   40   41   43   44   45   46   46
   44   42   41   41   42   45   48   51   55
    52.5-180.0 180.0   5.0 450.0                            LAT/LON1/LON2/DLON/H
   59   61   61   58   53   47   42   38   35   34   33   31   28   26   23   24
   28   34   42   50   56   61   66   70   74   78   83   86   88   91   93   96
   97   97   96   93   89   84   81   78   76   75   74   73   70   67   61   56
   52   47   45   44   44   45   47   48   48   49   50   51   52   54   54   53
   51   49   47   47   47   49   52   56   59
    50.0-180.0 180.0   5.0 450.0                            LAT/LON1/LON2/DLON/H
   63   66   67   66   62   57   52   48   45   44   41   38   35   33   31   32
   37   43   51   57   63   68   72   77   82   88   92   95   98   99  101  103
  104  103  102   99   95   92   89   87   86   85   84   82   79   75   71   65
   61   57   55   54   55   56   58   58   59   59   59   60   61   62   62   61
   59   56   54   53   53   54   56   60   63
    47.5-180.0 180.0   5.0 450.0                            LAT/LON1/LON2/DLON/H
   66   70   72   72   70   66   62   58   55   53   49   46   43   40   39   41
   46   53   60   66   71   76   80   86   92   99  104  107  109  109  109  110
  110  109  106  103  101   99   97   97   96   95   94   91   88   85   80   76
   72   68   66   65   66   67   69   69   70   69   70   70   70   71   70   68
   65   62   60   58   58   58   60   63   66
    45.0-180.0 180.0   5.0 450.0                            LAT/LON1/LON2/DLON/H
   67   71   74   75   75   72   69   66   63   60   57   52   49   46   46   49
   54   62   69   75   80   84   90   96  104  111  117  120  120  119  118  117
  115  112  110  107  106  106  106  107  107  107  104  102   97   93   89   86
   82   79   77   76   76   78   79   80   80   79   78   78   78   77   76   74
   71   68   66   64   63   62   63   65   67
    42.5-180.0 180.0   5.0 450.0                            LAT/LON1/LON2/DLON/H
   68   71   74   75   76   75   73   70   68   65   61   56   52   50   51   55
   63   70   78   84   89   94  100  107  116  124  130  132  132  128  126  123
  119  115  112  111  111  113  116  119  119  118  115  110  105  101   97   94
   92   90   87   86   86   86   88   88   88   87   85   85   83   82   81   78
   75   72   69   67   66   65   65   66   68
    40.0-180.0 180.0   5.0 450.0                            LAT/LON1/LON2/DLON/H
   67   69   71   73   73   73   73   72   70   67   63   58   54   53   56   62
   70   79   86   93   98  104  110  118  126  135  140  142  140  136  131  126
  122  118  115  115  117  122  127  131  132  130  125  119  112  107  104  101
   99   97   94   93   92   92   93   93   94   92   91   88   87   86   83   81
   78   74   72   70   68   67   66   66   67
    37.5-180.0 180.0   5.0 450.0                            LAT/LON1/LON2/DLON/H
   65   66   67   68   68   69   69   70   69   67   63   58   55   56   60   68
   77   87   94  101  106  112  118  126  134  142  147  148  145  140  135  129
  124  120  119  121  126  133  141  146  146  142  136  127  118  112  108  106
  104  102   99   97   95   95   96   96   96   95   92   91   89   87   85   82
   79   75   72   70   68   67   66   65   65
    35.0-180.0 180.0   5.0 450.0                            LAT/LON1/LON2/DLON/H
   64   64   63   63   62   62   64   65   66   65   62   58   56   59   66   76
   86   95  103  108  114  119  125  131  138  145  149  150  147  142  136  131
  128  125  126  131  139  149  157  162  162  156  146  135  124  117  113  110
  109  107  104  100   98   96   97   97   97   95   93   91   89   88   86   82
   79   75   72   69   67   66   64   64   64
    32.5-180.0 180.0   5.0 450.0                            LAT/LON1/LON2/DLON/H
   62   61   60   58   56   56   57   60   63   63   60   58   58   62   72   84
   95  104  110  114  119  124  129  133  138  143  147  147  145  141  137  134
  133  134  138  145  156  167  176  180  177  169  158  144  132  124  120  117
  115  113  109  104  100   96   96   97   96   95   92   90   88   88   86   84
   80   75   71   67   65   63   63   62   62
    30.0-180.0 180.0   5.0 450.0                            LAT/LON1/LON2/DLON/H
   62   60   58   55   53   51   53   56   59   60   59   58   60   67   79   92
  103  111  116  120  123  127  131  133  136  139  141  143  142  141  139  140
  142  146  154  166  178  190  198  199  194  183  170  156  144  137  133  129
  127  123  118  110  103   99   97   97   96   93   90   89   88   89   88   85
   81   76   71   66   63   61   60   61   62
    27.5-180.0 180.0   5.0 450.0                            LAT/LON1/LON2/DLON/H
   62   62   59   54   50   49   50   53   56   58   58   58   62   71   85  100
  111  118  122  124  126  130  132  132  133  134  136  138  139  141  144  148
  155  165  176  190  204  215  220  218  211  199  185  172  162  156  152  149
  145  139  130  120  109  103  101  100   97   94   90   89   88   89   89   87
   82   77   72   67   62   60   60   61   62
    25.0-180.0 180.0   5.0 450.0                            LAT/LON1/LON2/DLON/H
   65   65   62   56   52   49   49   52   54   57   58   59   64   75   90  105
  116  122  125  127  129  131  133  131  131  131  133  136  140  145  152  161
  173  188  203  218  231  239  240  236  226  214  202  192  187  183  181  176
  169  160  147  132  119  111  108  105  101   97   93   90   89   90   90   88
   83   79   74   69   64   61   61   62   65
    22.5-180.0 180.0   5.0 450.0                            LAT/LON1/LON2/DLON/H
   68   69   66   61   55   52   51   52   55   56   58   60   66   77   92  107
  118  125  127  128  131  133  135  133  131  132  134  138  144  153  164  178
  195  212  229  244  255  259  257  250  239  230  222  218  216  215  213  207
  196  183  165  147  130  121  117  114  109  103   97   93   91   92   91   89
   84   80   77   72   67   63   63   66   68
    20.0-180.0 180.0   5.0 450.0                            LAT/LON1/LON2/DLON/H
   72   74   71   66   60   56   54   54   55   56   58   61   68   78   93  107
  119  125  128  131  134  137  139  137  137  138  141  146  154  165  179  197
  217  236  253  267  274  274  269  259  250  245  243  243  246  248  246  237
  223  205  182  161  144  133  129  125  119  112  104   97   94   92   90   87
   83   81   79   76   70   67   66   69   72
    17.5-180.0 180.0   5.0 450.0                            LAT/LON1/LON2/DLON/H
   75   77   75   70   65   61   59   58   58   58   59   62   69   79   93  106
  117  124  129  133  138  143  146  146  147  149  154  159  168  179  196  215
  237  256  272  282  286  283  275  266  261  261  263  269  275  279  276  264
  244  221  196  173  156  146  141  137  131  122  112  103   96   92   89   85
   82   81   81   80   75   71   69   72   75
    15.0-180.0 180.0   5.0 450.0                            LAT/LON1/LON2/DLON/H
   77   78   77   73   68   65   63   61   61   61   62   64   71   80   93  105
  115  123  131  137  145  151  155  157  160  165  169  175  184  196  213  233
  252  270  283  290  292  287  280  273  271  276  282  291  299  303  298  282
  259  233  205  182  165  156  150  146  141  132  121  109  100   94   88   83
   80   81   83   83   79   75   73   74   77
    12.5-180.0 180.0   5.0 450.0                            LAT/LON1/LON2/DLON/H
   75   76   75   71   68   66   65   64   63   63   64   67   74   83   94  106
  116  125  133  143  152  160  166  171  176  182  187  193  201  213  229  247
  264  279  288  293  295  291  285  281  284  291  300  309  317  318  311  293
  268  238  209  186  171  163  157  153  148  140  129  117  106   97   90   83
   80   80   84   86   83   78   75   74   75
    10.0-180.0 180.0   5.0 450.0                            LAT/LON1/LON2/DLON/H
   72   72   70   68   66   65   64   64   64   64   66   70   77   87   97  108
  119  128  139  150  161  171  179  186  193  200  206  211  218  229  243  258
  273  284  291  296  298  298  296  296  301  308  316  323  327  326  317  298
  270  239  210  188  175  167  161  156  151  145  136  125  115  104   95   86
   81   82   86   88   86   80   76   73   72
     7.5-180.0 180.0   5.0 450.0                            LAT/LON1/LON2/DLON/H
   69   66   64   60   59   60   61   62   63   64   67   72   80   91  102  113
  124  134  146  159  171  183  193  202  211  218  224  229  236  245  257  269
  280  289  296  303  308  312  315  318  323  327  331  333  333  328  317  297
  270  238  210  190  177  168  161  156  152  147  141  134  126  115  104   94
   87   86   88   90   88   83   77   72   69
     5.0-180.0 180.0   5.0 450.0                            LAT/LON1/LON2/DLON/H
   66   61   57   54   53   54   56   57   59   62   66   73   84   96  108  119
  130  141  154  168  181  195  207  218  227  234  241  246  253  262  271  280
  290  298  306  316  326  335  341  346  348  347  345  341  336  327  314  294
  268  238  211  191  177  168  160  154  149  147  145  143  137  128  117  107
   98   93   93   94   92   86   79   72   66
     2.5-180.0 180.0   5.0 450.0                            LAT/LON1/LON2/DLON/H
   67   60   54   51   49   50   51   52   54   57   63   73   85   99  112  125
  136  149  162  178  193  207  221  233  243  250  256  262  270  277  286  294
  302  312  323  337  351  364  373  376  374  367  358  348  337  325  311  291
  267  239  214  193  178  168  160  153  148  146  148  149  148  142  133  122
  112  104  100   99   96   90   83   74   67
