data/AutoSurvey Results/ProFlex/IGS Corrections/igrg3440.20i
     1.0            IONOSPHERE MAPS     MIX                 IONEX VERSION / TYPE
tecrms2ionex_2.awk  GRL/UWM            12/17/20 1712UT      PGM / RUN BY / DATE
Global ionosphere maps for day 344, 2020 ( 9-12-2020)       DESCRIPTION
IONEX file containing the COMBINED IGS Ionosphere maps      DESCRIPTION
from the combination of the following IAACs:                DESCRIPTION
esrg                                                        DESCRIPTION
jprg                                                        DESCRIPTION
Contact address: Andrzej Krankowski                         DESCRIPTION
                 Geodynamics Research Laboratory            DESCRIPTION
                 University of Warmia and Mazury (GRL/UWM)  DESCRIPTION
                 Oczapowski St. 1                           DESCRIPTION
                 10-957-Olsztyn, POLAND                     DESCRIPTION
                 e-mail:  kand@uwm.edu.pl                   DESCRIPTION
                                                            DESCRIPTION
  2020    12     9     0     0     0                        EPOCH OF FIRST MAP
  2020    12    10     0     0     0                        EPOCH OF LAST MAP
  7200                                                      INTERVAL
    13                                                      # OF MAPS IN FILE
  COSZ                                                      MAPPING FUNCTION
     0.0                                                    ELEVATION CUTOFF
Combined TEC calculated as weighted mean of input TEC valuesOBSERVABLES USED
   314                                                      # OF STATIONS
     0                                                      # OF SATELLITES
  6371.0                                                    BASE RADIUS
     2                                                      MAP DIMENSION
   450.0 450.0   0.0                                        HGT1 / HGT2 / DHGT
    87.5 -87.5  -2.5                                        LAT1 / LAT2 / DLAT
  -180.0 180.0   5.0                                        LON1 / LON2 / DLON
    -1                                                      EXPONENT
TEC values in  0.1 TECUs; 9999 if no value available        COMMENT
DCB values in nanoseconds, reference is Sum_of_SatDCBs = 0  COMMENT
                                                            END OF HEADER
     1                                                      START OF TEC MAP
  2020    12     9     0     0     0                        EPOCH OF CURRENT MAP
    87.5-180.0 180.0   5.0 450.0                            LAT/LON1/LON2/DLON/H
   23   23   23   23   23   23   22   22   21   21   20   19   18   18   17   16
   16   15   14   13   12   11   10   10    9    8    8    8    7    7    7    6
    6    7    7    7    8    8    9    9   10   10   11   12   13   14   15   15
   16   17   18   18   19   20   21   21   21   22   22   23   23   23   23   24
   24   24   24   24   24   24   24   24   23
    85.0-180.0 180.0   5.0 450.0                            LAT/LON1/LON2/DLON/H
   29   28   28   28   28   28   27   27   26   26   25   25   24   23   21   20
   18   16   15   13   11    9    8    7    6    6    6    5    5    5    5    5
    5    5    5    5    5    5    5    6    6    8   10   11   13   14   16   18
   18   20   21   23   23   24   25   26   26   27   27   28   28   28   28   28
   28   29   29   29   28   28   28   28   29
    82.5-180.0 180.0   5.0 450.0                            LAT/LON1/LON2/DLON/H
   29   29   30   30   30   31   31   31   32   32   31   31   30   29   27   25
   23   21   19   16   13   10    7    7    6    6    5    5    5    5    4    4
    4    4    4    5    5    5    6    6    7    9   12   13   16   18   19   21
   23   24   25   26   27   28   29   29   29   30   30   30   30   30   30   30
   30   29   29   29   29   29   28   28   29
    80.0-180.0 180.0   5.0 450.0                            LAT/LON1/LON2/DLON/H
   27   27   28   30   31   32   33   35   36   36   37   37   37   36   34   33
   30   27   24   20   17   13   10    7    7    6    6    6    5    5    5    5
    5    5    5    5    6    6    7    9   11   13   15   18   20   22   23   25
   26   27   28   29   30   30   30   30   30   30   30   30   29   29   28   28
   28   27   26   26   26   26   26   26   27
    77.5-180.0 180.0   5.0 450.0                            LAT/LON1/LON2/DLON/H
   24   25   26   28   30   32   34   36   38   40   41   42   42   42   40   39
   36   33   30   26   23   19   15   12    9    8    7    7    7    7    6    6
    6    6    6    6    7    9   12   14   17   19   21   23   25   26   27   28
   28   29   30   29   30   30   29   29   29   29   28   27   26   26   25   24
   23   23   23   22   23   22   23   23   24
    75.0-180.0 180.0   5.0 450.0                            LAT/LON1/LON2/DLON/H
   23   24   26   27   30   32   34   37   39   41   43   45   45   45   44   43
   40   38   35   32   29   25   22   19   16   13   11    9    8    8    8    8
    8    9   10   12   15   17   19   21   23   25   26   27   28   29   29   29
   29   29   29   29   29   28   27   27   26   25   24   23   21   21   20   20
   20   19   20   20   20   21   22   22   23
    72.5-180.0 180.0   5.0 450.0                            LAT/LON1/LON2/DLON/H
   26   28   29   31   32   34   36   38   40   42   44   45   46   46   45   43
   41   39   37   34   32   30   28   26   24   21   19   18   16   15   15   15
   16   18   19   21   23   24   26   27   28   29   29   29   30   29   29   29
   29   28   28   28   26   26   25   24   22   22   20   19   18   18   17   17
   17   18   19   20   21   22   24   25   26
    70.0-180.0 180.0   5.0 450.0                            LAT/LON1/LON2/DLON/H
   34   35   37   37   37   38   39   41   42   43   44   45   45   44   43   41
   40   37   36   35   34   33   32   31   30   28   26   25   23   22   22   22
   24   25   26   28   29   29   30   30   30   30   30   30   30   29   29   28
   28   27   27   26   26   24   24   22   21   19   18   17   16   16   16   17
   18   20   21   24   26   29   30   32   34
    67.5-180.0 180.0   5.0 450.0                            LAT/LON1/LON2/DLON/H
   45   47   47   47   46   46   45   44   45   44   44   44   42   41   39   37
   35   34   32   32   32   33   33   33   33   32   30   28   26   25   25   26
   27   29   30   31   32   31   31   30   29   29   29   29   29   29   28   28
   28   27   26   26   25   24   24   22   21   19   18   17   17   17   18   20
   23   25   28   31   33   37   40   43   45
    65.0-180.0 180.0   5.0 450.0                            LAT/LON1/LON2/DLON/H
   57   59   60   59   57   55   53   51   48   47   45   43   40   38   35   32
   30   29   29   29   30   31   32   32   32   31   29   27   25   24   25   26
   28   30   32   32   32   31   30   28   28   28   28   28   29   29   29   29
   28   28   28   28   27   27   25   25   22   21   20   20   20   22   24   27
   30   34   37   39   43   47   51   54   57
    62.5-180.0 180.0   5.0 450.0                            LAT/LON1/LON2/DLON/H
   68   70   71   70   68   64   61   57   54   50   47   44   40   36   32   29
   27   25   24   25   26   27   28   29   28   27   24   22   20   20   21   24
   27   30   32   32   31   30   28   27   26   27   28   29   30   31   32   31
   31   31   30   30   30   30   29   27   26   25   25   25   27   29   33   36
   40   43   46   49   52   56   60   64   68
    60.0-180.0 180.0   5.0 450.0                            LAT/LON1/LON2/DLON/H
   75   77   79   79   77   73   68   64   60   55   51   47   42   37   32   28
   25   23   23   23   24   24   25   25   23   21   19   16   15   16   18   22
   26   30   32   32   31   29   28   26   27   28   30   33   35   36   37   36
   35   35   34   33   33   33   32   31   30   30   30   31   34   37   42   46
   50   54   56   58   60   63   67   71   75
    57.5-180.0 180.0   5.0 450.0                            LAT/LON1/LON2/DLON/H
   78   82   84   84   83   80   76   71   66   61   56   51   45   39   34   30
   27   25   24   23   23   23   22   21   19   16   14   12   13   14   18   23
   28   33   34   35   33   31   30   29   30   32   36   38   41   43   42   41
   40   38   37   37   37   37   36   35   34   35   35   37   41   45   51   56
   61   63   65   65   66   68   71   75   78
    55.0-180.0 180.0   5.0 450.0                            LAT/LON1/LON2/DLON/H
   80   83   86   87   87   85   81   76   72   67   62   57   50   43   38   34
   31   28   27   26   25   24   22   19   17   15   14   13   15   18   23   29
   35   39   40   40   38   36   34   35   37   40   43   46   48   49   48   47
   44   42   41   41   42   41   40   39   39   40   41   43   47   53   59   65
   69   72   73   72   72   72   74   77   80
    52.5-180.0 180.0   5.0 450.0                            LAT/LON1/LON2/DLON/H
   82   86   89   91   91   90   86   83   79   74   69   63   57   49   43   39
   35   34   33   31   29   27   24   22   19   18   19   20   23   28   34   40
   45   48   49   48   46   43   42   43   46   49   51   54   55   55   54   52
   49   47   46   46   46   46   45   45   44   45   46   49   54   60   66   72
   77   79   81   80   78   78   78   80   82
    50.0-180.0 180.0   5.0 450.0                            LAT/LON1/LON2/DLON/H
   87   90   93   94   95   95   93   90   87   82   77   71   64   56   49   44
   41   40   38   36   34   32   29   27   26   26   29   32   37   42   48   54
   58   60   60   57   54   52   52   53   55   58   59   61   61   60   59   57
   54   52   51   51   52   52   51   50   50   51   53   57   61   67   73   79
   84   87   88   88   87   86   85   86   87
    47.5-180.0 180.0   5.0 450.0                            LAT/LON1/LON2/DLON/H
   96   97   99  101  102  102  100   98   95   91   86   80   72   63   56   50
   46   44   43   42   40   38   37   35   36   39   43   48   54   60   65   70
   72   71   69   65   62   60   60   62   64   65   65   65   65   64   64   62
   60   59   58   59   60   59   58   58   58   58   61   64   69   74   80   86
   90   94   96   97   97   97   95   96   96
    45.0-180.0 180.0   5.0 450.0                            LAT/LON1/LON2/DLON/H
  108  107  109  109  110  111  109  107  104  100   96   90   81   71   62   55
   50   48   46   45   46   45   45   47   49   54   60   66   72   77   81   83
   82   80   76   72   68   66   66   68   70   70   69   68   67   68   68   67
   66   66   66   67   68   68   67   66   66   67   70   74   78   83   88   93
   98  102  105  107  108  109  109  108  108
    42.5-180.0 180.0   5.0 450.0                            LAT/LON1/LON2/DLON/H
  119  118  118  119  119  119  117  115  112  109  104   98   89   80   70   62
   54   50   48   49   51   53   55   59   63   68   74   81   86   90   93   93
   90   85   80   75   71   69   70   71   73   73   71   70   70   71   73   73
   73   73   74   76   77   77   76   74   74   77   80   84   88   92   96  100
  104  108  112  116  119  120  121  120  119
    40.0-180.0 180.0   5.0 450.0                            LAT/LON1/LON2/DLON/H
  129  127  126  126  127  127  125  121  117  113  110  105   98   89   78   68
   59   54   51   53   56   61   65   70   76   80   86   91   95   98   99   96
   91   86   80   75   71   71   71   73   75   75   73   73   74   76   78   79
   79   79   81   84   85   85   83   81   82   85   89   94   98  101  103  106
  109  113  117  122  127  131  132  131  129
    37.5-180.0 180.0   5.0 450.0                            LAT/LON1/LON2/DLON/H
  135  132  131  131  132  132  129  124  120  115  112  109  104   97   87   75
   65   58   56   57   62   68   74   80   85   88   92   95   98   99   98   95
   89   83   78   74   71   70   71   73   75   75   75   75   77   80   83   84
   83   83   84   87   90   90   89   87   88   91   97  101  105  108  110  112
  113  117  121  126  132  136  138  137  135
    35.0-180.0 180.0   5.0 450.0                            LAT/LON1/LON2/DLON/H
  135  132  130  132  133  134  130  124  118  113  111  110  107  103   94   83
   72   64   61   62   67   74   81   86   90   91   92   93   94   94   93   89
   84   79   75   72   70   70   71   73   76   77   78   79   82   86   88   87
   84   83   84   87   91   92   90   89   91   96  102  108  112  114  115  115
  117  119  123  128  134  139  141  140  135
    32.5-180.0 180.0   5.0 450.0                            LAT/LON1/LON2/DLON/H
  136  131  129  131  134  134  130  123  115  109  106  107  107  107  100   91
   80   71   67   68   72   79   84   89   89   88   87   86   86   86   86   83
   79   76   73   72   71   72   73   76   78   80   82   85   88   90   90   87
   82   79   79   84   87   89   89   89   92   98  105  112  115  118  119  118
  119  121  125  130  137  142  144  141  136
    30.0-180.0 180.0   5.0 450.0                            LAT/LON1/LON2/DLON/H
  140  133  130  132  135  135  130  121  112  104  101  102  106  107  104   96
   86   78   73   73   76   80   84   86   86   83   80   78   79   79   80   78
   76   74   73   73   74   75   77   79   81   84   86   88   90   92   88   83
   76   71   72   76   81   84   85   86   90   98  106  113  118  121  122  122
  123  125  130  136  143  148  149  146  140
    27.5-180.0 180.0   5.0 450.0                            LAT/LON1/LON2/DLON/H
  150  141  138  140  144  143  136  126  113  103   98  100  103  106  105   98
   90   82   78   76   76   78   80   82   80   77   75   73   74   76   78   79
   78   77   76   77   79   80   82   84   86   88   90   91   91   89   84   76
   67   62   62   67   73   78   80   82   88   97  106  115  120  124  126  127
  129  133  139  147  154  161  162  158  150
    25.0-180.0 180.0   5.0 450.0                            LAT/LON1/LON2/DLON/H
  172  163  158  160  163  161  152  138  122  109  102  101  103  105  104   99
   91   85   79   76   74   73   74   76   77   76   74   74   76   79   82   85
   85   84   83   83   85   87   89   90   91   92   91   90   88   83   75   67
   58   52   53   58   65   71   75   79   85   96  107  117  124  129  131  135
  139  145  154  164  174  181  184  181  172
    22.5-180.0 180.0   5.0 450.0                            LAT/LON1/LON2/DLON/H
  203  195  190  191  195  192  180  161  141  125  114  110  108  106  103   97
   91   85   80   75   70   68   69   73   77   80   81   83   85   90   93   97
   96   94   91   90   91   94   95   96   96   94   91   87   81   74   66   57
   49   45   45   51   59   65   71   77   85   97  109  120  129  136  141  146
  153  163  174  187  199  208  213  211  203
    20.0-180.0 180.0   5.0 450.0                            LAT/LON1/LON2/DLON/H
  241  233  229  232  237  235  219  194  171  151  137  127  120  113  105   97
   91   87   81   74   67   64   66   74   84   92   96   99  101  104  108  111
  109  105  100   96   98  101  102  102   99   96   90   82   73   65   56   49
   43   41   42   48   55   62   69   77   87  100  113  125  136  145  153  161
  172  185  199  214  227  238  245  246  241
    17.5-180.0 180.0   5.0 450.0                            LAT/LON1/LON2/DLON/H
  277  272  270  276  284  283  265  236  208  185  168  153  139  126  113  102
   95   91   84   75   67   64   69   82   97  109  116  118  120  121  124  125
  122  115  107  103  104  107  108  107  103   96   87   77   66   57   49   45
   42   41   42   47   54   61   69   79   91  105  118  132  145  156  168  179
  192  208  225  241  254  266  275  279  277
    15.0-180.0 180.0   5.0 450.0                            LAT/LON1/LON2/DLON/H
  306  304  305  313  326  327  307  277  248  224  204  185  164  145  127  114
  107  101   93   83   75   73   81   97  117  131  137  139  137  136  137  136
  131  122  113  108  109  112  113  110  104   96   85   73   61   52   47   45
   44   44   45   48   54   62   71   82   96  110  125  140  154  169  182  196
  213  231  249  264  276  287  298  305  306
    12.5-180.0 180.0   5.0 450.0                            LAT/LON1/LON2/DLON/H
  323  324  327  339  355  358  339  309  282  260  240  218  193  170  149  135
  125  119  111  100   93   91  101  119  139  152  157  155  150  146  144  143
  136  126  116  112  113  116  117  113  105   94   83   71   59   52   49   48
   49   49   49   51   55   63   73   86  102  117  132  147  163  179  195  212
  230  250  268  281  291  300  310  318  323
    10.0-180.0 180.0   5.0 450.0                            LAT/LON1/LON2/DLON/H
  326  329  334  348  366  372  355  328  304  288  269  246  221  196  175  161
  152  145  135  127  121  121  130  146  162  171  171  165  156  149  146  144
  138  128  118  114  117  120  118  114  105   94   83   72   62   56   54   56
   56   55   54   54   57   64   76   92  108  124  138  154  170  187  205  222
  242  262  279  290  297  303  313  321  326
     7.5-180.0 180.0   5.0 450.0                            LAT/LON1/LON2/DLON/H
  321  325  331  345  361  367  353  331  315  303  289  267  242  219  201  189
  182  174  165  159  156  157  165  176  184  185  180  168  156  147  142  141
  135  127  118  116  118  121  119  113  103   93   84   77   68   64   63   64
   64   61   59   57   59   68   80   97  115  130  143  158  174  192  209  226
  246  266  282  291  295  299  307  316  321
     5.0-180.0 180.0   5.0 450.0                            LAT/LON1/LON2/DLON/H
  312  316  322  333  348  351  340  323  314  309  299  280  257  237  223  215
  210  202  195  192  192  195  200  203  202  195  182  167  152  141  136  135
  131  125  119  116  118  120  117  111  101   93   87   83   78   75   74   74
   71   68   63   61   63   72   86  103  122  137  148  160  176  192  208  225
  244  263  279  287  289  292  299  306  312
     2.5-180.0 180.0   5.0 450.0                            LAT/LON1/LON2/DLON/H
  305  308  314  324  334  335  325  313  310  310  302  285  264  248  238  235
  233  227  221  221  225  229  230  226  215  200  182  164  148  136  131  129
  128  123  118  116  116  117  115  107   99   93   91   90   89   87   85   83
   79   74   68   65   68   76   91  109  127  141  150  161  174  189  204  219
  237  255  271  279  281  284  291  299  305
