data/AutoSurvey Results/ProFlex/IGS Corrections/igrg3430.20i
     1.0            IONOSPHERE MAPS     MIX                 IONEX VERSION / TYPE
tecrms2ionex_2.awk  GRL/UWM            12/17/20 1612UT      PGM / RUN BY / DATE
Global ionosphere maps for day 343, 2020 ( 8-12-2020)       DESCRIPTION
IONEX file containing the COMBINED IGS Ionosphere maps      DESCRIPTION
from the combination of the following IAACs:                DESCRIPTION
esrg                                                        DESCRIPTION
jprg                                                        DESCRIPTION
Contact address: Andrzej Krankowski                         DESCRIPTION
                 Geodynamics Research Laboratory            DESCRIPTION
                 University of Warmia and Mazury (GRL/UWM)  DESCRIPTION
                 Oczapowski St. 1                           DESCRIPTION
                 10-957-Olsztyn, POLAND                     DESCRIPTION
                 e-mail:  kand@uwm.edu.pl                   DESCRIPTION
                                                            DESCRIPTION
  2020    12     8     0     0     0                        EPOCH OF FIRST MAP
  2020    12     9     0     0     0                        EPOCH OF LAST MAP
  7200                                                      INTERVAL
    13                                                      # OF MAPS IN FILE
  COSZ                                                      MAPPING FUNCTION
     0.0                                                    ELEVATION CUTOFF
Combined TEC calculated as weighted mean of input TEC valuesOBSERVABLES USED
   309                                                      # OF STATIONS
     0                                                      # OF SATELLITES
  6371.0                                                    BASE RADIUS
     2                                                      MAP DIMENSION
   450.0 450.0   0.0                                        HGT1 / HGT2 / DHGT
    87.5 -87.5  -2.5                                        LAT1 / LAT2 / DLAT
  -180.0 180.0   5.0                                        LON1 / LON2 / DLON
    -1                                                      EXPONENT
TEC values in  0.1 TECUs; 9999 if no value available        COMMENT
DCB values in nanoseconds, reference is Sum_of_SatDCBs = 0  COMMENT
                                                            END OF HEADER
[from data line 4719]
    12                                                      START OF TEC MAP
  2020    12     8    22     0     0                        EPOCH OF CURRENT MAP
    87.5-180.0 180.0   5.0 450.0                            LAT/LON1/LON2/DLON/H
   16   16   16   16   16   16   16   16   16   16   16   16   15   15   15   15
   14   13   13   12   11   11   11   10    9    9    9    8    8    7    7    6
    6    6    6    6    6    6    6    6    6    6    7    7    7    8    8    8
    9   10   10   11   11   12   12   13   13   13   14   14   14   14   15   15
   15   15   16   16   16   16   16   16   16
    85.0-180.0 180.0   5.0 450.0                            LAT/LON1/LON2/DLON/H
   22   23   23   24   24   24   24   24   24   25   24   24   23   23   23   22
   21   20   19   18   17   16   14   13   12   11   10    8    8    8    8    7
    7    7    6    6    6    6    6    6    6    6    7    8    8    9   10   11
   12   13   14   15   16   16   17   18   18   19   19   19   20   20   20   21
   21   21   21   21   21   22   22   22   22
    82.5-180.0 180.0   5.0 450.0                            LAT/LON1/LON2/DLON/H
   27   27   28   29   29   30   31   32   32   33   33   33   33   32   32   31
   30   28   27   26   24   22   20   18   16   15   14   12   10   10   10   10
    9    9    8    8    8    8    8    8    8    9    9   11   12   13   14   16
   18   19   20   21   22   22   23   24   24   24   24   24   25   25   24   25
   25   25   25   25   25   25   26   26   27
    80.0-180.0 180.0   5.0 450.0                            LAT/LON1/LON2/DLON/H
   29   30   31   32   34   35   37   38   39   41   41   42   42   42   41   40
   39   37   35   34   31   29   27   24   23   21   19   17   16   14   13   12
   12   12   11   11   10   10   11   11   13   13   14   16   18   19   21   22
   24   25   26   27   28   29   29   29   29   29   28   28   28   27   27   27
   26   26   26   26   26   27   27   28   29
    77.5-180.0 180.0   5.0 450.0                            LAT/LON1/LON2/DLON/H
   30   31   33   34   36   38   40   43   45   46   48   49   49   49   49   48
   46   44   42   40   37   35   33   31   28   27   25   24   22   21   20   19
   18   18   17   17   16   17   17   17   19   19   20   21   22   25   26   27
   28   30   31   32   32   32   32   32   31   31   29   29   28   27   26   26
   25   25   25   25   26   27   27   29   30
    75.0-180.0 180.0   5.0 450.0                            LAT/LON1/LON2/DLON/H
   30   31   34   35   38   40   43   46   48   50   53   54   54   54   54   52
   50   48   46   43   41   39   37   35   33   32   31   29   28   27   26   25
   24   24   23   23   23   23   23   24   24   24   25   26   26   27   29   30
   31   32   33   33   34   33   33   32   31   29   29   26   25   24   23   23
   22   22   22   23   24   25   27   28   30
    72.5-180.0 180.0   5.0 450.0                            LAT/LON1/LON2/DLON/H
   31   33   35   38   40   42   45   48   51   54   56   57   58   58   56   55
   53   50   47   45   43   40   39   38   36   35   34   33   32   31   30   28
   28   27   26   26   27   27   27   27   27   27   27   27   27   28   29   29
   30   31   32   33   32   32   31   30   28   27   25   23   22   21   20   18
   18   19   19   21   22   24   26   28   31
    70.0-180.0 180.0   5.0 450.0                            LAT/LON1/LON2/DLON/H
   34   36   39   42   44   47   49   52   54   57   58   59   60   59   57   55
   52   49   47   44   43   41   40   38   37   36   35   34   32   31   29   28
   28   28   28   28   28   28   29   28   28   27   27   26   26   26   27   27
   28   29   29   29   29   28   28   26   25   23   22   20   19   18   16   15
   15   16   17   19   21   25   28   31   34
    67.5-180.0 180.0   5.0 450.0                            LAT/LON1/LON2/DLON/H
   39   42   46   49   51   53   56   57   60   61   62   63   62   60   58   55
   51   48   46   44   42   41   39   38   37   35   34   32   30   28   27   25
   25   25   26   26   27   27   27   27   27   26   25   24   24   24   24   25
   25   25   26   26   26   25   24   23   22   21   21   20   18   17   15   15
   14   15   17   20   23   27   31   35   39
    65.0-180.0 180.0   5.0 450.0                            LAT/LON1/LON2/DLON/H
   46   50   54   58   61   63   65   66   67   67   67   67   65   63   59   55
   51   48   46   44   42   41   39   37   35   32   30   27   24   22   21   20
   20   21   22   24   25   25   26   25   25   24   23   23   22   23   23   23
   24   24   24   24   23   22   22   22   22   22   22   22   21   20   19   18
   17   18   21   24   28   32   37   42   46
    62.5-180.0 180.0   5.0 450.0                            LAT/LON1/LON2/DLON/H
   56   60   65   69   73   75   77   78   77   75   74   72   69   65   61   57
   53   50   48   46   44   41   39   36   33   30   25   22   19   17   15   15
   16   17   19   21   22   23   24   24   23   23   22   23   23   24   25   25
   25   25   25   24   24   23   23   23   24   26   27   27   27   26   25   23
   22   24   26   30   35   40   45   50   56
    60.0-180.0 180.0   5.0 450.0                            LAT/LON1/LON2/DLON/H
   64   70   76   81   86   89   90   90   88   85   81   78   74   70   65   60
   57   54   51   49   46   43   39   35   31   26   22   18   15   13   12   13
   14   16   19   21   23   23   24   24   24   24   25   26   27   28   29   30
   30   30   29   28   27   27   27   28   29   31   34   35   35   34   32   30
   30   31   33   38   43   48   54   59   64
    57.5-180.0 180.0   5.0 450.0                            LAT/LON1/LON2/DLON/H
   73   79   85   92   98  102  103  102   99   94   89   85   80   75   70   66
   62   58   56   52   49   45   40   35   30   26   21   17   15   13   14   15
   17   19   21   24   26   27   27   27   28   28   30   32   34   35   36   37
   38   37   36   35   35   34   34   34   37   39   42   43   43   42   40   38
   38   39   42   47   52   57   62   67   73
    55.0-180.0 180.0   5.0 450.0                            LAT/LON1/LON2/DLON/H
   80   87   94  102  109  114  115  113  108  103   96   91   86   81   77   72
   68   64   61   56   52   47   42   37   33   28   25   22   20   20   21   22
   24   26   28   30   31   32   33   33   34   35   37   39   42   44   46   46
   46   46   45   45   45   44   43   44   45   46   49   50   51   49   47   45
   45   46   50   55   60   66   71   75   80
    52.5-180.0 180.0   5.0 450.0                            LAT/LON1/LON2/DLON/H
   87   94  102  110  119  124  125  123  117  110  103   96   91   86   82   78
   74   70   66   61   56   51   46   41   37   34   31   31   31   31   33   34
   35   36   36   37   38   40   40   41   42   43   45   47   50   53   54   55
   55   55   55   55   56   55   54   54   53   54   55   56   56   54   52   50
   50   53   57   62   68   73   78   82   87
    50.0-180.0 180.0   5.0 450.0                            LAT/LON1/LON2/DLON/H
   93   99  108  117  126  132  133  131  124  117  109  102   96   91   88   83
   80   75   71   66   61   56   50   47   44   43   43   44   46   47   48   48
   47   46   45   46   47   48   49   49   50   51   53   55   58   59   61   62
   62   63   65   66   66   66   65   63   61   60   61   60   59   57   55   54
   55   59   63   69   75   80   84   88   93
    47.5-180.0 180.0   5.0 450.0                            LAT/LON1/LON2/DLON/H
   98  104  113  123  132  138  140  137  131  123  116  108  102   97   92   89
   85   81   76   71   66   61   57   54   54   55   57   59   61   63   62   61
   58   55   54   54   54   56   57   57   57   58   59   61   63   64   65   66
   67   69   72   74   75   75   74   71   67   66   64   62   61   59   57   57
   59   63   69   75   81   86   90   93   98
    45.0-180.0 180.0   5.0 450.0                            LAT/LON1/LON2/DLON/H
  103  110  118  128  137  143  146  143  137  130  122  114  107  102   97   94
   90   86   82   77   73   69   66   64   65   68   71   74   76   76   74   71
   66   62   60   60   61   63   64   64   63   63   63   64   66   67   68   69
   71   74   76   79   82   82   80   77   73   69   67   64   62   60   59   60
   64   69   75   81   87   91   95   98  103
    42.5-180.0 180.0   5.0 450.0                            LAT/LON1/LON2/DLON/H
  108  115  123  132  141  147  149  148  144  137  129  122  114  107  102   99
   96   92   89   85   81   78   76   75   77   81   84   87   87   86   82   77
   71   67   64   64   66   68   69   68   67   66   65   67   67   68   69   71
   73   76   79   82   84   85   84   80   76   72   68   66   63   62   62   64
   70   75   82   87   92   97  100  103  108
    40.0-180.0 180.0   5.0 450.0                            LAT/LON1/LON2/DLON/H
  114  120  128  136  143  149  152  152  149  144  137  129  121  114  108  105
  102   99   96   94   92   89   88   87   89   91   94   95   94   90   85   79
   73   69   68   68   71   72   72   71   69   68   68   68   69   70   71   72
   75   78   81   83   85   86   85   82   78   74   70   67   64   64   66   70
   76   83   89   93   97  101  105  109  114
    37.5-180.0 180.0   5.0 450.0                            LAT/LON1/LON2/DLON/H
  120  126  133  139  145  150  153  154  154  150  144  136  128  121  116  112
  109  106  105  104  102  100  100   99   99  101  101   99   96   90   84   78
   73   70   70   73   75   76   75   74   71   70   70   71   72   72   73   75
   77   79   81   83   83   84   84   83   80   76   72   69   66   66   69   76
   84   90   96  100  102  106  110  115  120
    35.0-180.0 180.0   5.0 450.0                            LAT/LON1/LON2/DLON/H
  126  131  136  141  145  148  151  155  156  154  149  142  134  128  124  120
  117  115  114  113  112  111  109  107  107  105  103   99   94   89   82   77
   74   73   75   77   80   80   79   76   74   73   73   74   76   76   76   77
   79   81   81   81   81   82   82   82   80   78   74   70   68   68   73   81
   91   99  104  106  109  111  115  121  126
    32.5-180.0 180.0   5.0 450.0                            LAT/LON1/LON2/DLON/H
  132  136  139  141  144  145  148  152  155  155  152  146  140  135  131  128
  125  123  121  120  120  119  116  113  110  107  103   97   91   86   82   79
   78   79   81   84   86   86   82   79   77   76   78   79   81   80   80   80
   82   82   82   80   79   80   80   82   81   79   75   71   69   71   77   87
   97  106  111  113  114  117  121  127  132
    30.0-180.0 180.0   5.0 450.0                            LAT/LON1/LON2/DLON/H
  139  142  143  144  143  142  144  147  152  154  153  148  144  142  140  137
  133  129  127  126  125  122  119  115  111  107  101   95   90   87   86   85
   86   87   90   92   93   91   87   84   81   81   83   85   86   85   83   82
   83   83   82   79   77   77   78   80   81   79   75   71   69   71   79   91
  103  112  118  119  121  124  129  134  139
    27.5-180.0 180.0   5.0 450.0                            LAT/LON1/LON2/DLON/H
  148  149  150  148  146  143  142  144  150  153  153  150  149  149  149  146
  141  134  130  128  125  122  118  115  111  107  101   97   94   93   95   98
   99  100  101  101  100   97   92   88   86   87   89   90   90   88   85   84
   83   82   79   76   74   73   75   78   78   76   73   69   68   72   80   93
  107  117  123  126  129  132  138  144  148
    25.0-180.0 180.0   5.0 450.0                            LAT/LON1/LON2/DLON/H
  158  159  159  157  154  149  146  147  151  155  156  154  155  157  158  154
  146  138  131  128  124  120  117  114  112  109  106  103  103  106  111  115
  117  115  113  110  108  103   97   93   91   92   93   94   92   89   85   82
   80   79   76   73   70   69   71   73   74   72   69   66   65   71   81   95
  110  122  129  134  138  143  149  155  158
    22.5-180.0 180.0   5.0 450.0                            LAT/LON1/LON2/DLON/H
  172  172  174  174  170  166  160  159  162  166  165  163  164  169  170  164
  153  140  131  126  122  118  116  116  117  117  116  116  119  125  133  137
  136  131  124  119  113  107  102   97   96   96   96   95   93   89   84   80
   76   74   72   69   65   64   66   68   69   67   63   61   62   69   81   97
  113  126  135  142  149  156  163  168  172
    20.0-180.0 180.0   5.0 450.0                            LAT/LON1/LON2/DLON/H
  187  188  192  195  195  193  188  184  184  186  183  181  181  184  184  176
  161  144  131  124  120  119  120  123  129  132  133  135  140  147  155  159
  154  144  134  125  118  111  105  101   99   99   97   94   91   86   81   76
   72   69   66   64   61   59   61   63   63   60   57   56   58   68   82   99
  116  131  142  152  161  170  179  184  187
    17.5-180.0 180.0   5.0 450.0                            LAT/LON1/LON2/DLON/H
  205  207  212  220  225  227  226  222  219  217  213  208  205  206  203  191
  172  151  135  127  124  125  130  138  147  154  157  158  163  170  176  177
  169  156  141  131  122  114  107  103  101  100   96   91   87   83   77   72
   67   64   62   59   57   55   56   57   58   55   52   52   57   68   84  101
  119  136  150  163  176  188  196  202  205
    15.0-180.0 180.0   5.0 450.0                            LAT/LON1/LON2/DLON/H
  223  226  234  245  257  265  268  267  263  258  251  244  237  233  227  211
  189  165  147  138  136  140  148  161  173  182  184  184  186  190  192  189
  178  162  146  134  124  115  109  104  102  100   94   88   83   80   74   69
   64   60   59   57   55   53   54   55   54   52   51   52   59   71   87  106
  124  142  158  174  190  205  215  220  223
    12.5-180.0 180.0   5.0 450.0                            LAT/LON1/LON2/DLON/H
  241  244  253  268  285  300  310  311  306  301  293  284  273  265  254  237
  213  188  169  159  158  164  175  190  204  213  214  209  206  204  201  194
  181  165  150  137  127  117  110  106  104   99   92   85   80   78   74   68
   63   60   59   58   55   54   54   55   55   54   53   55   62   76   93  111
  130  148  166  185  205  221  233  239  241
    10.0-180.0 180.0   5.0 450.0                            LAT/LON1/LON2/DLON/H
  257  260  269  285  306  328  344  348  344  338  332  323  309  296  283  266
  243  220  201  191  190  198  210  225  238  245  242  232  221  212  203  193
  180  165  152  140  129  120  113  109  104   99   90   83   80   78   75   71
   66   63   62   61   59   58   58   60   60   59   59   61   69   83  101  119
  136  155  174  195  217  236  249  254  257
     7.5-180.0 180.0   5.0 450.0                            LAT/LON1/LON2/DLON/H
  271  273  281  297  320  344  365  373  370  366  361  352  338  324  312  297
  278  258  241  232  231  237  248  261  272  275  267  250  231  215  201  189
  177  165  154  144  133  123  116  112  108  100   91   84   83   83   81   76
   71   68   67   66   65   64   65   67   68   67   67   69   77   92  108  125
  141  160  181  203  226  247  260  267  271
     5.0-180.0 180.0   5.0 450.0                            LAT/LON1/LON2/DLON/H
  280  283  290  305  327  353  374  384  382  379  376  369  356  344  335  324
  311  296  282  273  272  277  285  294  300  299  285  262  236  214  197  184
  175  166  157  147  137  128  122  117  113  104   96   91   90   91   89   85
   80   76   75   74   73   71   73   75   76   76   75   77   84   98  115  130
  146  164  185  208  232  252  267  276  280
     2.5-180.0 180.0   5.0 450.0                            LAT/LON1/LON2/DLON/H
  286  290  297  310  331  357  377  386  384  379  376  371  362  354  350  346
  339  330  320  313  309  312  316  321  322  315  297  268  238  212  193  182
  176  169  161  151  142  134  128  125  120  112  104  101  103  103  101   97
   90   86   84   82   81   80   80   82   83   82   81   83   90  104  119  134
  148  166  187  210  232  253  270  281  286
