data/AutoSurvey Results/ProFlex/IGS Corrections/igrg3430.20i
     1.0            IONOSPHERE MAPS     MIX                 IONEX VERSION / TYPE
tecrms2ionex_2.awk  GRL/UWM            12/17/20 1612UT      PGM / RUN BY / DATE
Global ionosphere maps for day 343, 2020 ( 8-12-2020)       DESCRIPTION
IONEX file containing the COMBINED IGS Ionosphere maps      DESCRIPTION
from the combination of the following IAACs:                DESCRIPTION
esrg                                                        DESCRIPTION
jprg                                                        DESCRIPTION
Contact address: Andrzej Krankowski                         DESCRIPTION
                 Geodynamics Research Laboratory            DESCRIPTION
                 University of Warmia and Mazury (GRL/UWM)  DESCRIPTION
                 Oczapowski St. 1                           DESCRIPTION
                 10-957-Olsztyn, POLAND                     DESCRIPTION
                 e-mail:  kand@uwm.edu.pl                   DESCRIPTION
                                                            DESCRIPTION
  2020    12     8     0     0     0                        EPOCH OF FIRST MAP
  2020    12     9     0     0     0                        EPOCH OF LAST MAP
  7200                                                      INTERVAL
    13                                                      # OF MAPS IN FILE
  COSZ                                                      MAPPING FUNCTION
     0.0                                                    ELEVATION CUTOFF
Combined TEC calculated as weighted mean of input TEC valuesOBSERVABLES USED
   309                                                      # OF STATIONS
     0                                                      # OF SATELLITES
  6371.0                                                    BASE RADIUS
     2                                                      MAP DIMENSION
   450.0 450.0   0.0                                        HGT1 / HGT2 / DHGT
    87.5 -87.5  -2.5                                        LAT1 / LAT2 / DLAT
  -180.0 180.0   5.0                                        LON1 / LON2 / DLON
    -1                                                      EXPONENT
TEC values in  0.1 TECUs; 9999 if no value available        COMMENT
DCB values in nanoseconds, reference is Sum_of_SatDCBs = 0  COMMENT
                                                            END OF HEADER
[from data line 5148]
    13                                                      START OF TEC MAP
  2020    12     9     0     0     0                        EPOCH OF CURRENT MAP
    87.5-180.0 180.0   5.0 450.0                            LAT/LON1/LON2/DLON/H
   30   30   30   30   30   30   30   29   29   29   29   28   28   27   27   26
   25   24   24   23   22   22   21   20   19   18   18   17   17   17   16   16
   15   15   15   15   15   15   15   16   16   16   17   17   17   18   18   19
   19   20   20   21   21   22   22   23   23   24   24   25   25   26   26   27
   27   28   28   29   29   29   29   30   30
    85.0-180.0 180.0   5.0 450.0                            LAT/LON1/LON2/DLON/H
   35   35   36   36   36   36   37   37   37   36   36   35   34   33   32   31
   29   28   27   25   23   22   20   18   16   15   14   12   11   11   10    9
    9    8    8    9    9   10   10   11   12   13   14   15   16   17   18   19
   20   20   21   22   22   23   24   24   25   26   27   27   28   28   29   30
   30   31   32   32   33   33   34   35   35
    82.5-180.0 180.0   5.0 450.0                            LAT/LON1/LON2/DLON/H
   38   38   39   40   40   41   42   42   42   42   42   41   40   39   38   36
   34   32   30   28   25   22   20   17   15   12   11    9    7    6    5    4
    4    4    4    5    6    7    9   10   12   13   15   16   18   19   20   21
   22   23   23   23   24   25   25   25   26   27   27   28   28   29   30   30
   31   32   33   34   34   35   36   36   38
    80.0-180.0 180.0   5.0 450.0                            LAT/LON1/LON2/DLON/H
   38   39   40   42   43   44   46   46   47   48   48   47   46   45   43   41
   39   36   33   30   27   24   21   18   15   13   10    8    6    6    6    5
    5    5    5    6    6    8   10   12   15   17   19   21   22   24   25   26
   26   27   26   26   26   26   26   26   26   26   27   27   27   28   29   30
   31   31   32   33   34   35   36   37   38
    77.5-180.0 180.0   5.0 450.0                            LAT/LON1/LON2/DLON/H
   39   40   41   43   45   47   48   49   50   51   51   50   50   48   46   44
   42   39   36   33   30   28   24   21   18   15   13   10    8    8    8    7
    7    7    7    7    9   11   14   16   19   22   25   27   29   29   31   31
   30   30   29   28   27   26   25   24   24   24   24   24   26   26   27   28
   29   31   31   32   34   35   36   37   39
    75.0-180.0 180.0   5.0 450.0                            LAT/LON1/LON2/DLON/H
   40   42   43   45   47   48   50   51   52   53   52   52   51   50   48   46
   44   41   39   36   34   31   28   25   22   20   18   16   13   12   10   10
    9    9   10   11   13   16   18   22   24   27   30   32   34   34   34   34
   33   32   30   28   27   25   23   22   22   21   21   22   22   24   25   27
   28   30   32   33   34   36   38   39   40
    72.5-180.0 180.0   5.0 450.0                            LAT/LON1/LON2/DLON/H
   45   47   48   49   50   52   53   54   54   54   53   52   51   49   47   45
   44   42   40   38   37   34   32   30   28   25   23   21   20   18   16   15
   15   16   16   17   19   21   23   26   29   32   34   35   36   36   36   35
   34   32   30   28   25   23   21   20   19   18   19   20   21   22   25   27
   29   31   33   35   37   40   42   44   45
    70.0-180.0 180.0   5.0 450.0                            LAT/LON1/LON2/DLON/H
   54   56   56   56   57   57   57   56   56   55   53   52   49   47   45   44
   42   41   40   39   38   37   35   33   32   29   27   26   24   23   22   21
   21   21   21   22   23   25   27   29   32   33   35   35   36   36   35   34
   32   30   29   27   25   22   21   19   18   17   18   19   21   23   26   29
   31   35   38   41   44   47   50   52   54
    67.5-180.0 180.0   5.0 450.0                            LAT/LON1/LON2/DLON/H
   66   67   67   66   65   64   62   61   59   56   54   51   48   45   43   41
   40   40   40   39   38   37   36   34   33   31   29   28   27   25   25   25
   25   25   25   25   26   27   28   30   31   32   33   33   33   32   32   31
   30   28   28   26   24   23   20   19   18   18   19   21   23   26   30   34
   37   41   44   48   53   57   60   64   66
    65.0-180.0 180.0   5.0 450.0                            LAT/LON1/LON2/DLON/H
   79   80   79   77   74   72   69   66   63   59   56   51   47   44   41   39
   39   38   39   38   37   36   35   32   30   28   27   26   26   25   26   26
   27   27   27   27   27   27   28   29   29   30   30   30   29   28   28   27
   27   27   27   27   26   25   23   21   21   21   22   25   29   32   37   41
   45   49   53   57   62   68   73   77   79
    62.5-180.0 180.0   5.0 450.0                            LAT/LON1/LON2/DLON/H
   92   92   91   88   84   80   76   72   68   63   58   53   49   44   41   39
   38   37   37   36   35   33   31   28   26   24   23   23   23   23   25   26
   26   27   27   27   26   26   26   27   27   28   28   27   26   26   26   26
   26   28   29   30   30   29   28   27   26   26   28   31   36   40   46   51
   54   58   62   66   72   78   85   89   92
    60.0-180.0 180.0   5.0 450.0                            LAT/LON1/LON2/DLON/H
  103  104  101   98   93   87   83   77   73   68   63   56   51   46   42   39
   38   37   36   34   32   29   26   23   20   19   19   19   20   21   23   25
   26   27   27   26   26   25   26   27   27   28   27   27   27   26   26   26
   28   30   32   35   36   35   34   33   32   32   34   39   44   50   55   61
   64   67   70   75   81   88   95  100  103
    57.5-180.0 180.0   5.0 450.0                            LAT/LON1/LON2/DLON/H
  112  112  110  106  100   94   89   83   78   73   67   61   55   50   46   43
   40   38   36   33   30   26   22   19   16   15   16   17   19   21   24   26
   27   28   28   27   26   27   27   28   29   30   30   30   30   30   29   30
   32   35   38   41   43   42   41   40   38   39   41   46   52   59   65   70
   73   76   78   82   88   95  103  109  112
    55.0-180.0 180.0   5.0 450.0                            LAT/LON1/LON2/DLON/H
  119  120  117  112  106  100   94   89   83   77   72   66   61   55   51   47
   43   40   36   33   29   25   21   18   17   17   17   19   22   25   27   29
   30   31   30   30   30   29   31   32   34   35   36   37   36   36   37   37
   39   42   45   48   50   50   49   46   45   45   48   53   59   66   73   78
   81   83   85   89   94  102  110  116  119
    52.5-180.0 180.0   5.0 450.0                            LAT/LON1/LON2/DLON/H
  125  126  123  118  113  106  100   94   88   82   77   71   66   61   57   52
   47   43   38   34   31   27   24   23   22   23   24   26   29   31   33   35
   36   36   35   35   35   35   37   39   41   43   44   44   45   45   46   46
   48   50   53   56   58   57   55   52   50   50   53   58   65   72   79   85
   88   89   92   95  100  107  116  121  125
    50.0-180.0 180.0   5.0 450.0                            LAT/LON1/LON2/DLON/H
  131  132  130  126  120  113  106  100   93   88   82   77   73   68   63   58
   52   46   42   39   35   33   32   31   32   34   35   38   39   41   42   43
   43   43   43   42   42   43   44   47   49   50   52   53   54   55   56   56
   57   58   61   63   64   64   61   57   55   55   58   63   70   77   84   89
   93   95   98  102  107  114  121  127  131
    47.5-180.0 180.0   5.0 450.0                            LAT/LON1/LON2/DLON/H
  136  138  137  134  128  121  114  107  100   94   89   84   79   74   69   64
   58   52   47   45   43   43   43   45   46   48   50   51   52   53   53   53
   53   51   51   49   49   50   52   54   56   58   60   61   63   64   65   66
   66   67   69   70   70   69   66   62   60   60   63   68   75   82   89   93
   98  101  104  108  114  120  127  133  136
    45.0-180.0 180.0   5.0 450.0                            LAT/LON1/LON2/DLON/H
  141  144  145  143  138  131  123  115  107  101   96   90   86   81   76   70
   64   58   54   53   53   55   57   59   62   64   64   65   64   64   63   62
   61   60   58   57   57   57   58   60   62   63   64   66   68   71   72   73
   74   74   75   75   75   73   69   67   65   66   69   74   80   87   92   97
  102  106  111  115  121  127  132  136  141
    42.5-180.0 180.0   5.0 450.0                            LAT/LON1/LON2/DLON/H
  144  148  151  151  147  141  132  124  116  109  103   97   93   89   83   77
   71   66   63   63   64   67   70   73   76   77   77   76   74   73   71   70
   68   67   65   64   63   62   63   63   65   67   68   69   72   75   77   79
   80   80   80   80   78   76   73   70   69   71   75   80   86   91   96  101
  106  111  117  122  127  132  136  140  144
    40.0-180.0 180.0   5.0 450.0                            LAT/LON1/LON2/DLON/H
  146  150  155  157  155  149  141  132  124  116  110  106  101   96   91   85
   79   74   71   72   75   77   81   84   86   87   86   83   81   79   78   76
   75   72   71   69   67   66   65   66   67   68   69   72   74   78   81   82
   83   84   84   83   81   79   75   73   73   77   82   88   92   96  100  104
  110  116  122  128  132  137  140  142  146
    37.5-180.0 180.0   5.0 450.0                            LAT/LON1/LON2/DLON/H
  146  150  155  159  158  154  147  138  130  124  118  113  109  104   99   92
   87   82   80   80   83   85   88   90   92   91   89   87   85   83   81   80
   78   76   74   72   69   68   67   67   68   70   71   74   76   79   82   84
   85   86   86   85   84   81   77   76   78   83   89   95   99  102  104  108
  114  121  127  133  137  140  141  143  146
    35.0-180.0 180.0   5.0 450.0                            LAT/LON1/LON2/DLON/H
  145  148  154  158  160  155  149  143  136  130  125  120  116  111  106  101
   95   91   88   87   88   89   90   91   91   91   89   87   86   85   84   83
   81   78   76   74   71   70   68   68   70   72   74   76   78   80   82   84
   85   87   87   86   85   82   78   78   82   88   96  103  106  107  109  113
  119  126  133  138  143  144  145  144  145
    32.5-180.0 180.0   5.0 450.0                            LAT/LON1/LON2/DLON/H
  147  148  152  157  158  155  150  146  141  136  131  126  121  117  112  107
  102   97   93   92   90   89   88   88   88   88   87   86   85   86   86   85
   83   80   77   75   73   72   71   72   73   75   78   79   80   81   82   83
   84   86   86   86   84   81   78   79   83   92  103  110  112  114  115  119
  125  133  140  146  150  151  151  149  147
    30.0-180.0 180.0   5.0 450.0                            LAT/LON1/LON2/DLON/H
  155  154  156  159  158  155  150  148  146  142  137  131  126  121  116  112
  106  101   97   93   89   86   84   83   84   85   85   86   87   88   89   88
   85   82   79   77   76   76   76   77   78   80   82   83   83   82   81   81
   82   84   84   83   81   78   76   77   84   95  108  116  119  120  122  127
  135  143  150  156  161  163  162  159  155
    27.5-180.0 180.0   5.0 450.0                            LAT/LON1/LON2/DLON/H
  172  169  168  168  166  159  154  153  152  149  143  136  129  122  117  113
  107  103   98   92   88   83   81   81   83   86   87   89   90   92   93   92
   89   86   82   80   81   81   82   83   84   85   87   86   85   82   79   77
   77   79   79   78   76   73   72   76   84   97  111  121  125  128  131  137
  146  156  163  171  176  180  180  176  172
    25.0-180.0 180.0   5.0 450.0                            LAT/LON1/LON2/DLON/H
  198  194  191  188  183  174  166  163  162  158  150  140  130  122  116  110
  106  102   97   92   87   83   81   84   88   92   95   97   98  100  101  100
   97   92   88   86   86   88   90   90   90   91   90   88   84   80   75   72
   72   72   73   71   69   67   68   73   83   99  115  126  133  136  142  150
  161  171  179  188  195  201  203  202  198
    22.5-180.0 180.0   5.0 450.0                            LAT/LON1/LON2/DLON/H
  232  229  224  219  211  201  190  183  180  173  162  148  134  122  114  108
  104  101   97   93   89   86   87   93   99  106  109  109  109  110  110  109
  105  100   95   92   93   95   97   97   95   94   92   88   82   76   70   66
   65   65   65   63   61   60   64   70   82  100  118  131  140  146  155  166
  178  189  198  207  216  223  228  231  232
    20.0-180.0 180.0   5.0 450.0                            LAT/LON1/LON2/DLON/H
  267  268  264  259  252  241  225  212  204  194  179  160  142  127  116  108
  104  101   99   96   94   95  100  109  118  126  128  126  122  120  121  119
  114  108  103   99   99  101  102  102  100   96   91   85   78   71   64   59
   58   58   57   55   54   56   61   70   83  102  122  137  148  157  170  183
  196  208  217  226  235  244  252  261  267
    17.5-180.0 180.0   5.0 450.0                            LAT/LON1/LON2/DLON/H
  298  303  303  300  297  287  269  251  236  222  203  179  157  139  124  115
  111  109  107  106  106  110  118  129  141  148  148  141  135  131  130  128
  123  117  110  107  105  106  107  106  103   97   89   81   73   65   58   54
   52   53   51   49   49   53   60   71   87  106  127  144  157  170  185  201
  216  228  236  243  252  261  272  286  298
    15.0-180.0 180.0   5.0 450.0                            LAT/LON1/LON2/DLON/H
  320  331  334  335  338  332  312  290  272  256  234  208  181  160  143  132
  126  123  122  122  125  130  139  152  164  169  165  156  146  141  139  136
  130  123  117  113  111  110  110  108  104   96   86   77   68   61   54   50
   49   49   48   47   47   53   63   76   92  111  132  151  166  182  200  218
  234  245  252  257  263  272  284  302  320
    12.5-180.0 180.0   5.0 450.0                            LAT/LON1/LON2/DLON/H
  331  347  354  360  368  367  348  324  306  291  269  242  215  192  174  160
  152  148  146  146  150  155  164  175  183  185  178  167  155  149  146  142
  136  129  123  118  115  113  111  109  104   94   83   74   65   58   53   49
   48   48   47   47   49   56   68   82   99  118  138  156  173  191  212  232
  249  260  265  268  272  278  290  310  331
    10.0-180.0 180.0   5.0 450.0                            LAT/LON1/LON2/DLON/H
  335  353  362  371  382  384  370  349  334  323  305  280  254  231  213  199
  189  182  178  177  179  183  189  195  198  194  186  173  162  157  152  146
  139  132  127  122  118  113  110  107  103   94   82   72   65   58   54   52
   51   51   50   50   53   62   75   90  107  125  143  161  179  199  220  241
  258  270  275  277  277  282  293  312  335
     7.5-180.0 180.0   5.0 450.0                            LAT/LON1/LON2/DLON/H
  334  353  364  371  381  384  374  360  353  348  335  314  292  272  255  240
  229  219  212  210  211  212  213  212  208  199  188  176  167  162  158  150
  141  134  129  124  118  112  109  107  102   94   84   74   68   63   59   57
   56   56   56   56   59   68   82   99  116  132  147  164  182  203  224  245
  262  275  281  283  282  284  294  312  334
     5.0-180.0 180.0   5.0 450.0                            LAT/LON1/LON2/DLON/H
  336  353  364  369  373  375  368  360  361  364  358  343  324  308  292  279
  267  255  245  241  240  238  233  225  213  200  188  178  172  168  161  151
  142  135  130  124  117  111  108  107  104   96   88   80   75   71   67   64
   63   62   62   62   65   74   88  105  122  137  149  164  182  203  224  244
  261  275  283  287  287  289  297  314  336
     2.5-180.0 180.0   5.0 450.0                            LAT/LON1/LON2/DLON/H
  343  360  367  367  366  364  359  357  363  370  370  360  347  333  320  309
  297  283  272  267  264  258  248  233  215  199  188  181  176  172  164  152
  141  135  131  125  117  110  108  109  108  102   96   90   85   82   79   74
   71   69   68   67   70   78   92  109  125  139  150  163  180  200  220  239
  256  271  283  290  292  295  304  322  343
