data/AutoSurvey Results/ProFlex/IGS Corrections/igrg3430.20i
     1.0            IONOSPHERE MAPS     MIX                 IONEX VERSION / TYPE
tecrms2ionex_2.awk  GRL/UWM            12/17/20 1612UT      PGM / RUN BY / DATE
Global ionosphere maps for day 343, 2020 ( 8-12-2020)       DESCRIPTION
IONEX file containing the COMBINED IGS Ionosphere maps      DESCRIPTION
from the combination of the following IAACs:                DESCRIPTION
esrg                                                        DESCRIPTION
jprg                                                        DESCRIPTION
Contact address: Andrzej Krankowski                         DESCRIPTION
                 Geodynamics Research Laboratory            DESCRIPTION
                 University of Warmia and Mazury (GRL/UWM)  DESCRIPTION
                 Oczapowski St. 1                           DESCRIPTION
                 10-957-Olsztyn, POLAND                     DESCRIPTION
                 e-mail:  kand@uwm.edu.pl                   DESCRIPTION
                                                            DESCRIPTION
  2020    12     8     0     0     0                        EPOCH OF FIRST MAP
  2020    12     9     0     0     0                        EPOCH OF LAST MAP
  7200                                                      INTERVAL
    13                                                      # OF MAPS IN FILE
  COSZ                                                      MAPPING FUNCTION
     0.0                                                    ELEVATION CUTOFF
Combined TEC calculated as weighted mean of input TEC valuesOBSERVABLES USED
   309                                                      # OF STATIONS
     0                                                      # OF SATELLITES
  6371.0                                                    BASE RADIUS
     2                                                      MAP DIMENSION
   450.0 450.0   0.0                                        HGT1 / HGT2 / DHGT
    87.5 -87.5  -2.5                                        LAT1 / LAT2 / DLAT
  -180.0 180.0   5.0                                        LON1 / LON2 / DLON
    -1                                                      EXPONENT
TEC values in  0.1 TECUs; 9999 if no value available        COMMENT
DCB values in nanoseconds, reference is Sum_of_SatDCBs = 0  COMMENT
                                                            END OF HEADER
     1                                                      START OF TEC MAP
  2020    12     8     0     0     0                        EPOCH OF CURRENT MAP
    87.5-180.0 180.0   5.0 450.0                            LAT/LON1/LON2/DLON/H
   20   20   20   20   20   20   19   19   19   19   19   18   18   18   17   17
   17   16   16   16   16   15   15   15   15   15   15   15   15   15   15   16
   16   16   17   17   18   18   18   18   19   19   19   19   20   20   20   21
   21   21   21   21   21   21   21   22   22   22   22   22   21   21   21   21
   21   21   21   21   21   21   21   21   20
    85.0-180.0 180.0   5.0 450.0                            LAT/LON1/LON2/DLON/H
   21   21   21   21   20   20   20   20   20   19   19   18   18   17   16   15
   14   13   13   12   12   11   11   11   11   11   11   11   11   11   12   13
   13   13   14   15   16   17   17   18   18   19   20   20   21   21   21   21
   22   22   22   23   23   22   22   22   22   22   21   21   21   21   21   21
   21   20   21   21   21   21   21   21   21
    82.5-180.0 180.0   5.0 450.0                            LAT/LON1/LON2/DLON/H
   20   21   21   22   22   22   21   21   21   20   20   19   18   17   16   15
   13   12   11   10    9    8    8    8    8    7    8    8    8    9    9   10
   11   12   13   14   15   16   17   18   19   20   20   21   21   21   22   23
   22   22   22   22   22   21   21   21   20   20   20   20   19   18   19   19
   18   18   18   19   19   19   20   20   20
    80.0-180.0 180.0   5.0 450.0                            LAT/LON1/LON2/DLON/H
   20   20   21   22   23   23   23   23   23   23   22   21   20   18   17   15
   13   12   11    9    7    7    6    6    6    6    6    7    8    8    9   10
   11   12   13   15   15   16   17   18   18   19   20   21   21   21   21   22
   22   21   21   20   20   20   19   18   17   17   17   16   15   15   15   15
   14   15   16   16   17   17   18   19   20
    77.5-180.0 180.0   5.0 450.0                            LAT/LON1/LON2/DLON/H
   21   21   22   23   24   25   25   25   25   25   24   23   22   20   18   17
   15   12   11    9    8    7    7    7    7    7    8    9    9   10   11   12
   13   13   14   15   15   16   17   17   18   18   19   19   20   20   20   20
   19   18   18   18   17   17   16   15   14   13   13   12   12   11   11   11
   12   13   13   14   15   16   18   19   21
    75.0-180.0 180.0   5.0 450.0                            LAT/LON1/LON2/DLON/H
   23   24   25   26   27   27   28   27   27   27   26   25   25   23   20   19
   16   14   12   11   10    9    9    9   10   11   11   12   13   14   14   14
   15   15   16   16   16   16   16   16   17   17   17   18   18   17   18   17
   17   16   16   16   15   14   14   13   12   11   11   10    9    9    9    9
   10   12   13   15   16   18   20   21   23
    72.5-180.0 180.0   5.0 450.0                            LAT/LON1/LON2/DLON/H
   29   30   31   32   32   31   31   31   30   29   29   28   26   24   22   20
   17   15   13   13   12   12   12   14   15   15   16   17   17   17   17   17
   17   16   16   16   15   16   15   15   15   16   15   15   16   15   15   15
   15   14   14   13   13   13   13   12   11   11   10    9    9    9   10   10
   11   13   15   18   20   22   25   27   29
    70.0-180.0 180.0   5.0 450.0                            LAT/LON1/LON2/DLON/H
   39   40   41   40   39   38   36   35   34   33   31   29   27   26   23   20
   18   16   15   14   14   14   16   17   18   19   19   19   19   18   18   17
   17   17   17   16   16   15   14   14   14   14   15   15   15   15   15   14
   13   13   13   13   13   13   14   14   14   13   12   12   12   12   13   14
   16   18   21   24   27   30   34   37   39
    67.5-180.0 180.0   5.0 450.0                            LAT/LON1/LON2/DLON/H
   51   52   52   51   49   46   43   40   38   36   33   32   29   26   24   21
   18   16   15   14   15   16   18   19   20   21   20   19   18   17   16   16
   16   16   16   16   16   15   15   14   15   14   15   16   16   17   16   15
   15   15   15   15   15   16   17   18   18   17   18   17   18   18   19   21
   24   26   29   33   37   41   45   48   51
    65.0-180.0 180.0   5.0 450.0                            LAT/LON1/LON2/DLON/H
   63   65   65   63   60   56   52   47   44   40   37   34   31   27   24   20
   18   16   14   15   15   17   18   20   20   20   19   17   15   14   14   13
   14   15   16   17   17   17   17   17   17   17   19   19   20   20   20   19
   19   18   19   19   20   22   23   23   25   24   25   25   25   26   28   30
   33   36   39   42   46   51   56   60   63
    62.5-180.0 180.0   5.0 450.0                            LAT/LON1/LON2/DLON/H
   74   76   76   75   71   66   61   55   49   45   41   37   33   30   26   22
   18   15   14   14   15   17   18   19   19   17   16   14   12   11   11   12
   13   16   18   19   20   21   21   22   22   23   24   25   26   26   26   25
   24   24   24   25   26   28   30   31   32   33   33   33   34   36   38   41
   44   46   48   52   55   60   65   70   74
    60.0-180.0 180.0   5.0 450.0                            LAT/LON1/LON2/DLON/H
   82   84   85   84   81   76   69   63   56   51   46   42   37   32   28   23
   19   16   15   15   16   16   18   18   17   15   14   11   10    9   10   12
   16   20   22   25   26   27   28   28   29   31   32   33   34   34   33   32
   31   31   30   32   33   35   37   39   39   40   41   42   43   46   49   51
   54   56   57   60   63   67   71   77   82
    57.5-180.0 180.0   5.0 450.0                            LAT/LON1/LON2/DLON/H
   86   90   91   91   88   84   78   71   64   58   52   48   42   37   31   26
   22   19   17   17   17   18   18   17   16   14   13   12   12   12   14   18
   22   27   30   32   34   35   36   37   38   40   41   42   43   42   41   40
   39   38   38   39   40   42   44   45   46   47   48   49   51   54   57   60
   62   64   65   66   68   71   76   81   86
    55.0-180.0 180.0   5.0 450.0                            LAT/LON1/LON2/DLON/H
   88   91   93   94   93   90   84   77   71   65   59   54   49   42   36   31
   26   23   21   21   20   20   19   19   17   17   17   17   17   19   23   28
   33   37   40   42   43   44   46   47   48   50   50   51   51   51   50   48
   46   46   45   46   48   49   51   51   52   52   53   55   57   61   64   67
   70   71   71   72   73   75   79   83   88
    52.5-180.0 180.0   5.0 450.0                            LAT/LON1/LON2/DLON/H
   89   92   95   96   95   93   89   84   78   71   66   60   55   49   42   37
   31   28   26   25   25   24   24   23   22   23   24   26   28   32   36   41
   45   49   51   52   52   53   55   56   58   58   59   59   58   57   56   55
   54   53   53   55   56   57   57   57   56   57   58   60   63   66   70   74
   75   76   76   77   78   80   83   86   89
    50.0-180.0 180.0   5.0 450.0                            LAT/LON1/LON2/DLON/H
   93   94   96   97   98   96   93   88   83   78   73   68   62   56   49   43
   37   34   32   31   31   30   29   30   30   32   36   39   43   47   51   55
   59   60   62   61   61   61   62   63   66   66   66   65   64   63   62   62
   60   61   61   62   64   63   63   62   61   61   63   65   68   72   76   79
   80   81   81   82   84   86   88   91   93
    47.5-180.0 180.0   5.0 450.0                            LAT/LON1/LON2/DLON/H
   98   99   99   99  100   99   97   93   89   84   80   75   70   63   56   49
   43   40   38   37   37   37   37   38   41   44   50   54   59   63   66   68
   70   70   69   67   66   67   68   70   71   72   71   69   68   67   67   67
   67   67   68   69   71   71   69   68   67   67   68   71   74   78   82   84
   85   87   87   90   92   94   96   98   98
    45.0-180.0 180.0   5.0 450.0                            LAT/LON1/LON2/DLON/H
  107  106  104  104  104  103  101   97   93   89   86   82   77   71   63   55
   49   45   43   43   44   45   46   48   53   58   63   69   73   76   77   78
   79   77   75   72   71   71   72   73   75   75   73   72   71   71   71   72
   73   74   75   77   78   78   76   74   72   73   75   79   82   86   88   90
   91   92   94   96  100  103  106  107  107
    42.5-180.0 180.0   5.0 450.0                            LAT/LON1/LON2/DLON/H
  116  113  112  111  110  109  106  102   97   93   91   88   84   79   71   63
   55   50   48   49   51   53   56   59   64   70   76   80   83   84   84   83
   82   80   77   75   73   73   73   75   76   75   74   73   73   74   75   77
   78   79   80   83   84   84   82   80   79   81   84   88   92   94   95   96
   96   97  100  103  108  112  116  117  116
    40.0-180.0 180.0   5.0 450.0                            LAT/LON1/LON2/DLON/H
  125  122  119  117  116  115  111  106  101   97   95   94   92   87   79   70
   61   56   54   55   58   62   66   70   76   81   85   87   88   87   86   84
   82   80   77   75   74   74   74   75   76   76   76   75   76   78   80   81
   81   82   84   87   89   89   87   86   86   89   93   97  101  102  102  102
  102  102  105  109  115  120  124  126  125
    37.5-180.0 180.0   5.0 450.0                            LAT/LON1/LON2/DLON/H
  131  128  125  124  123  120  116  110  104  100   99   99   99   95   88   78
   68   61   60   62   65   70   74   79   84   88   89   90   88   87   84   81
   79   78   76   75   74   74   74   75   76   76   77   78   80   82   83   84
   83   84   85   89   91   92   91   90   91   96  101  106  109  109  109  107
  106  107  109  113  119  125  130  132  131
    35.0-180.0 180.0   5.0 450.0                            LAT/LON1/LON2/DLON/H
  136  132  129  128  127  126  120  113  107  102  102  103  104  102   96   87
   77   69   66   67   71   76   81   85   89   90   89   88   85   82   80   77
   76   76   75   75   74   74   74   75   76   78   80   82   85   87   87   85
   83   83   84   88   91   92   92   92   95  100  107  113  115  115  113  112
  111  111  113  116  122  129  134  137  136
    32.5-180.0 180.0   5.0 450.0                            LAT/LON1/LON2/DLON/H
  139  135  132  131  131  129  124  117  110  105  104  106  108  108  104   95
   85   76   72   72   76   80   85   87   89   88   85   83   80   78   77   75
   74   74   74   74   74   75   75   75   77   79   83   86   89   90   89   85
   81   79   80   84   88   91   91   92   96  103  111  117  119  118  116  116
  116  116  118  121  126  132  138  141  139
    30.0-180.0 180.0   5.0 450.0                            LAT/LON1/LON2/DLON/H
  145  140  135  133  134  133  128  121  113  108  107  108  111  112  110  102
   92   82   76   76   78   82   85   85   85   82   79   77   75   75   76   76
   75   75   75   75   76   75   76   77   79   82   85   89   92   91   87   81
   75   73   74   77   83   86   88   89   94  102  112  119  121  121  120  120
  121  123  125  127  131  138  145  148  145
    27.5-180.0 180.0   5.0 450.0                            LAT/LON1/LON2/DLON/H
  156  148  142  139  139  138  134  126  118  113  111  111  113  114  113  106
   96   86   80   77   77   79   80   80   79   76   74   73   74   77   80   81
   80   78   77   77   77   78   78   80   82   85   88   91   92   90   83   76
   69   65   66   70   76   80   83   86   91  101  112  119  123  123  124  127
  130  133  135  137  142  150  157  159  156
    25.0-180.0 180.0   5.0 450.0                            LAT/LON1/LON2/DLON/H
  173  164  155  150  148  148  144  136  128  120  116  114  114  115  113  107
   98   88   80   75   73   74   75   74   74   72   72   74   78   84   88   90
   88   85   81   79   79   80   82   83   86   87   89   89   88   84   76   68
   61   58   58   62   69   75   78   82   89  100  112  122  126  129  132  137
  142  147  150  153  158  168  176  179  173
    22.5-180.0 180.0   5.0 450.0                            LAT/LON1/LON2/DLON/H
  198  186  175  168  165  163  158  151  141  131  124  119  116  114  111  105
   96   87   78   72   68   67   68   70   72   74   77   81   88   96  101  102
   98   92   86   82   81   83   86   88   89   89   88   86   82   76   68   60
   53   51   52   57   63   70   75   80   88  101  116  127  133  138  144  151
  158  165  168  172  180  191  201  204  198
    20.0-180.0 180.0   5.0 450.0                            LAT/LON1/LON2/DLON/H
  226  214  200  191  187  185  180  172  160  148  137  127  120  114  109  102
   94   85   77   68   63   62   64   71   78   84   90   96  104  112  117  116
  109  100   92   86   85   87   91   92   93   90   86   81   74   67   59   52
   48   46   48   53   60   66   73   81   92  106  123  135  144  152  160  169
  179  186  190  196  204  217  229  234  226
    17.5-180.0 180.0   5.0 450.0                            LAT/LON1/LON2/DLON/H
  255  242  228  219  214  212  208  199  185  168  153  140  128  119  110  102
   94   86   78   69   63   61   67   78   91  102  109  115  122  129  131  128
  119  107   97   92   90   92   96   97   96   92   83   75   67   59   52   47
   44   45   47   52   58   66   73   84   98  115  133  147  159  169  179  191
  201  209  214  220  230  244  257  262  255
    15.0-180.0 180.0   5.0 450.0                            LAT/LON1/LON2/DLON/H
  280  268  256  247  243  242  239  231  214  193  174  158  143  130  118  107
  100   93   86   77   70   69   77   94  113  126  133  138  141  144  143  137
  127  115  104   98   98   99  102  103  100   92   82   71   62   54   48   45
   44   45   48   52   58   66   76   90  107  126  145  161  174  187  199  212
  223  231  236  242  253  268  281  285  280
    12.5-180.0 180.0   5.0 450.0                            LAT/LON1/LON2/DLON/H
  296  288  279  273  271  271  270  262  244  219  197  180  164  149  134  123
  115  110  104   96   89   88   98  118  140  154  159  159  157  155  151  143
  131  120  111  106  106  107  108  107  103   94   81   70   60   52   48   46
   47   48   50   53   59   67   79   96  116  137  157  174  189  203  217  230
  242  250  256  261  271  284  296  300  296
    10.0-180.0 180.0   5.0 450.0                            LAT/LON1/LON2/DLON/H
  305  301  296  295  295  297  296  290  271  245  222  205  190  175  159  147
  140  138  135  128  121  120  130  150  172  183  184  178  169  161  154  145
  135  124  118  116  115  115  114  112  105   95   83   71   62   55   51   50
   51   52   53   55   60   69   83  102  124  146  166  184  199  215  229  244
  255  263  269  274  282  294  303  307  305
     7.5-180.0 180.0   5.0 450.0                            LAT/LON1/LON2/DLON/H
  306  306  307  310  313  316  317  311  294  269  247  231  217  203  188  177
  172  173  173  170  163  161  169  187  204  210  203  191  175  162  153  144
  135  128  125  124  124  122  119  114  107   97   85   75   67   61   58   57
   57   57   56   57   61   70   86  107  130  152  170  187  204  220  236  250
  262  270  275  280  287  295  302  306  306
     5.0-180.0 180.0   5.0 450.0                            LAT/LON1/LON2/DLON/H
  301  306  312  320  325  329  330  325  311  289  270  256  244  231  218  208
  205  209  214  214  209  205  210  221  231  229  216  196  176  160  150  142
  136  132  131  132  131  128  122  117  108   99   90   82   75   69   66   65
   65   63   60   59   63   73   90  111  134  154  170  186  202  219  236  250
  262  270  276  280  286  291  296  298  301
     2.5-180.0 180.0   5.0 450.0                            LAT/LON1/LON2/DLON/H
  294  303  314  324  332  336  337  335  324  306  289  276  266  256  244  236
  236  243  252  255  251  245  245  249  250  240  219  194  172  156  147  141
  137  136  137  137  135  131  125  118  110  103   96   90   84   79   76   74
   72   69   64   62   65   76   93  114  134  152  165  180  195  212  230  245
  257  266  272  276  280  283  287  290  294
