data/AutoSurvey Results/ProFlex/IGS Corrections/igrg3440.20i
     1.0            IONOSPHERE MAPS     MIX                 IONEX VERSION / TYPE
tecrms2ionex_2.awk  GRL/UWM            12/17/20 1712UT      PGM / RUN BY / DATE
Global ionosphere maps for day 344, 2020 ( 9-12-2020)       DESCRIPTION
IONEX file containing the COMBINED IGS Ionosphere maps      DESCRIPTION
from the combination of the following IAACs:                DESCRIPTION
esrg                                                        DESCRIPTION
jprg                                                        DESCRIPTION
Contact address: Andrzej Krankowski                         DESCRIPTION
                 Geodynamics Research Laboratory            DESCRIPTION
                 University of Warmia and Mazury (GRL/UWM)  DESCRIPTION
                 Oczapowski St. 1                           DESCRIPTION
                 10-957-Olsztyn, POLAND                     DESCRIPTION
                 e-mail:  kand@uwm.edu.pl                   DESCRIPTION
                                                            DESCRIPTION
  2020    12     9     0     0     0                        EPOCH OF FIRST MAP
  2020    12    10     0     0     0                        EPOCH OF LAST MAP
  7200                                                      INTERVAL
    13                                                      # OF MAPS IN FILE
  COSZ                                                      MAPPING FUNCTION
     0.0                                                    ELEVATION CUTOFF
Combined TEC calculated as weighted mean of input TEC valuesOBSERVABLES USED
   314                                                      # OF STATIONS
     0                                                      # OF SATELLITES
  6371.0                                                    BASE RADIUS
     2                                                      MAP DIMENSION
   450.0 450.0   0.0                                        HGT1 / HGT2 / DHGT
    87.5 -87.5  -2.5                                        LAT1 / LAT2 / DLAT
  -180.0 180.0   5.0                                        LON1 / LON2 / DLON
    -1                                                      EXPONENT
TEC values in  0.1 TECUs; 9999 if no value available        COMMENT
DCB values in nanoseconds, reference is Sum_of_SatDCBs = 0  COMMENT
                                                            END OF HEADER
[from data line 2145]
     6                                                      START OF TEC MAP
  2020    12     9    10     0     0                        EPOCH OF CURRENT MAP
    87.5-180.0 180.0   5.0 450.0                            LAT/LON1/LON2/DLON/H
   41   41   40   40   40   39   39   38   38   38   37   36   36   36   36   35
   35   35   34   34   34   34   34   34   34   34   34   34   34   34   35   35
   35   35   36   36   36   36   36   36   37   37   37   37   38   38   38   37
   37   37   38   38   38   38   38   39   39   39   39   39   39   39   39   40
   40   41   41   40   40   41   41   41   41
    85.0-180.0 180.0   5.0 450.0                            LAT/LON1/LON2/DLON/H
   43   44   43   42   42   41   40   39   37   37   36   34   33   32   31   30
   29   29   28   28   27   27   27   27   28   28   29   30   31   31   32   33
   34   34   35   35   36   36   36   36   37   37   37   37   36   36   36   36
   35   35   35   35   35   35   35   36   36   36   37   37   38   38   39   39
   40   41   42   42   43   44   43   44   43
    82.5-180.0 180.0   5.0 450.0                            LAT/LON1/LON2/DLON/H
   46   46   46   45   45   43   42   40   37   36   33   31   29   28   25   24
   23   22   21   21   21   22   22   23   23   24   25   27   28   29   30   32
   33   33   35   36   36   37   37   37   37   37   36   36   36   35   34   33
   33   32   31   31   31   30   30   30   30   31   31   32   33   34   35   36
   38   39   41   42   43   44   45   46   46
    80.0-180.0 180.0   5.0 450.0                            LAT/LON1/LON2/DLON/H
   47   48   48   48   47   45   43   40   37   35   31   28   26   23   21   19
   18   17   17   17   18   18   19   20   22   22   24   26   27   28   29   31
   33   33   35   36   36   37   38   38   37   37   36   36   35   34   33   32
   30   29   28   27   26   26   25   24   25   25   25   26   27   28   30   31
   33   36   38   40   42   44   46   47   47
    77.5-180.0 180.0   5.0 450.0                            LAT/LON1/LON2/DLON/H
   47   48   48   48   47   45   43   40   37   33   29   26   22   20   18   16
   16   16   16   17   18   20   21   22   23   24   26   26   28   28   30   31
   32   34   35   36   37   38   38   38   38   37   37   36   35   34   33   32
   31   29   28   27   26   24   22   22   20   20   20   20   21   22   24   26
   28   31   34   36   39   41   44   45   47
    75.0-180.0 180.0   5.0 450.0                            LAT/LON1/LON2/DLON/H
   43   45   46   46   45   44   41   38   35   31   27   23   21   18   17   16
   17   18   20   22   24   25   27   28   29   29   29   29   29   29   30   31
   32   33   34   35   37   38   38   38   38   38   38   37   37   36   35   35
   34   33   31   30   28   26   24   22   19   18   16   16   16   17   19   21
   23   26   29   31   34   36   39   42   43
    72.5-180.0 180.0   5.0 450.0                            LAT/LON1/LON2/DLON/H
   37   39   40   41   41   41   38   36   32   29   25   23   20   19   19   19
   21   24   26   29   32   33   35   35   35   34   33   32   31   30   30   30
   31   32   33   35   36   37   38   39   39   40   40   40   40   40   40   40
   40   39   38   36   34   31   28   25   22   19   17   15   14   14   15   17
   19   21   24   26   29   31   33   35   37
    70.0-180.0 180.0   5.0 450.0                            LAT/LON1/LON2/DLON/H
   31   33   34   36   36   37   35   33   30   28   25   22   21   21   22   24
   26   29   33   37   39   41   42   41   40   37   35   33   31   29   29   29
   30   31   33   35   37   38   39   40   41   42   44   45   46   47   47   48
   48   48   47   45   43   39   35   31   26   22   19   16   15   14   14   16
   17   19   21   23   24   26   28   29   31
    67.5-180.0 180.0   5.0 450.0                            LAT/LON1/LON2/DLON/H
   25   26   28   29   31   33   32   31   29   27   25   24   23   24   25   27
   31   34   38   41   44   45   45   44   41   38   34   31   28   27   27   27
   29   31   34   36   38   40   42   44   46   48   50   52   53   54   56   57
   57   57   56   54   52   47   43   38   32   27   22   19   17   16   16   16
   17   19   20   22   22   23   23   24   25
    65.0-180.0 180.0   5.0 450.0                            LAT/LON1/LON2/DLON/H
   22   23   24   26   29   30   31   31   29   28   26   25   25   26   27   29
   33   36   39   42   44   44   43   40   36   32   28   26   24   23   24   27
   30   32   36   39   42   44   47   49   52   55   57   59   62   63   65   66
   66   66   65   62   59   55   49   43   37   31   26   22   20   19   18   19
   19   21   22   23   23   23   22   22   22
    62.5-180.0 180.0   5.0 450.0                            LAT/LON1/LON2/DLON/H
   23   24   24   26   29   30   32   32   30   29   28   27   27   27   28   30
   32   35   38   39   40   39   36   32   28   24   21   19   19   21   23   28
   32   36   41   45   48   51   54   56   59   63   66   68   71   72   74   74
   74   73   71   68   65   60   54   47   41   35   29   26   23   22   22   23
   23   25   25   26   27   26   24   23   23
    60.0-180.0 180.0   5.0 450.0                            LAT/LON1/LON2/DLON/H
   28   28   29   31   32   34   35   34   32   30   29   29   28   28   29   30
   31   32   33   34   33   30   27   22   18   15   13   14   16   19   25   31
   38   43   48   53   56   59   62   64   68   71   75   77   79   80   81   80
   79   78   75   72   68   63   57   50   44   38   33   30   27   26   26   27
   28   29   30   32   32   32   31   29   28
    57.5-180.0 180.0   5.0 450.0                            LAT/LON1/LON2/DLON/H
   37   37   37   38   39   40   39   37   35   32   31   29   29   28   28   28
   28   29   29   27   26   22   18   14   10    9    9   11   15   22   29   38
   46   52   57   61   65   67   70   72   75   79   82   85   87   87   87   86
   85   82   79   75   70   65   59   52   47   41   36   33   32   31   30   31
   32   33   35   37   38   39   39   38   37
    55.0-180.0 180.0   5.0 450.0                            LAT/LON1/LON2/DLON/H
   47   47   47   48   48   47   44   41   38   35   33   31   30   29   28   27
   26   25   25   24   22   18   14   11   10    9    9   14   20   28   37   47
   56   62   67   70   73   74   76   79   82   85   88   91   92   93   93   92
   90   87   84   80   74   69   62   56   50   45   42   39   37   36   35   36
   36   38   41   43   46   47   48   47   47
    52.5-180.0 180.0   5.0 450.0                            LAT/LON1/LON2/DLON/H
   56   57   57   58   57   54   51   46   42   38   35   33   32   30   28   27
   26   26   25   25   22   19   16   14   13   14   17   21   29   38   48   57
   65   71   75   77   79   80   82   84   86   90   93   95   97   98   98   98
   97   94   91   86   81   74   67   61   56   52   48   46   44   42   41   40
   41   43   45   48   51   53   55   56   56
    50.0-180.0 180.0   5.0 450.0                            LAT/LON1/LON2/DLON/H
   63   64   66   66   64   61   56   51   46   42   39   37   35   33   30   29
   28   28   29   29   29   27   25   24   24   25   29   34   41   50   59   67
   74   78   80   82   82   84   86   88   91   94   98  100  102  103  105  106
  105  104  101   96   90   83   75   68   63   59   56   54   52   50   48   47
   46   47   49   53   56   58   60   61   63
    47.5-180.0 180.0   5.0 450.0                            LAT/LON1/LON2/DLON/H
   67   69   71   71   70   66   61   55   50   47   44   42   39   37   34   33
   33   34   35   37   39   39   39   38   39   41   45   49   55   62   70   76
   80   82   84   84   85   87   89   92   96   99  102  104  107  109  112  114
  116  115  113  108  101   93   85   77   71   67   65   62   60   58   56   54
   52   52   54   57   59   61   63   64   67
    45.0-180.0 180.0   5.0 450.0                            LAT/LON1/LON2/DLON/H
   67   70   73   74   72   69   64   60   56   53   51   48   46   43   40   39
   39   41   45   48   52   53   54   55   56   57   60   63   68   73   79   84
   86   86   86   86   88   91   95   99  102  106  109  111  113  116  120  124
  126  128  126  121  114  104   94   86   79   75   71   69   67   65   63   60
   58   58   59   60   62   62   64   65   67
    42.5-180.0 180.0   5.0 450.0                            LAT/LON1/LON2/DLON/H
   66   69   72   74   73   70   67   63   61   59   58   56   53   50   47   46
   47   50   54   59   64   67   69   69   70   71   73   75   79   84   87   90
   90   90   89   89   92   97  102  108  112  115  117  119  121  124  129  133
  137  140  138  134  125  115  103   93   85   80   76   73   71   69   68   66
   64   63   63   63   63   63   63   64   66
    40.0-180.0 180.0   5.0 450.0                            LAT/LON1/LON2/DLON/H
   64   67   70   72   71   70   68   67   66   66   65   63   60   58   55   54
   55   58   63   69   74   77   80   80   80   80   83   85   88   92   94   95
   95   94   92   94   98  105  113  119  124  127  129  130  132  134  138  142
  147  151  150  145  136  124  112  101   91   84   78   75   73   72   72   70
   69   67   66   65   65   64   63   62   64
    37.5-180.0 180.0   5.0 450.0                            LAT/LON1/LON2/DLON/H
   62   64   67   68   69   68   67   69   71   72   72   70   68   65   63   62
   63   66   69   75   80   84   85   85   84   85   87   91   95   98  100  101
  100   99   98  101  107  115  124  132  137  141  142  142  143  144  147  151
  157  160  161  156  147  134  121  108   98   89   82   77   75   74   73   73
   72   71   69   67   66   64   61   61   62
    35.0-180.0 180.0   5.0 450.0                            LAT/LON1/LON2/DLON/H
   60   62   64   65   65   66   66   69   73   76   76   75   73   71   69   69
   68   71   74   79   82   84   85   84   84   85   89   95  100  104  106  107
  106  106  106  109  117  126  137  146  152  156  156  157  156  156  158  161
  167  171  172  167  158  145  133  120  109   99   89   82   77   75   76   75
   75   73   72   69   66   63   61   60   60
    32.5-180.0 180.0   5.0 450.0                            LAT/LON1/LON2/DLON/H
   60   61   62   62   62   62   63   68   73   77   78   78   76   75   73   72
   73   73   76   78   80   81   81   80   80   82   88   96  103  108  110  112
  112  113  115  119  127  138  149  159  166  169  171  171  171  170  170  173
  179  183  186  182  174  162  149  138  126  115  102   92   85   81   79   79
   78   76   74   71   68   64   61   60   60
    30.0-180.0 180.0   5.0 450.0                            LAT/LON1/LON2/DLON/H
   60   60   61   60   58   58   60   65   70   75   77   77   76   76   75   75
   74   74   75   76   75   75   73   72   74   78   87   97  106  111  115  117
  119  122  124  129  137  148  160  170  177  182  185  186  186  184  185  187
  193  199  202  200  194  184  173  163  151  138  123  110   99   91   87   84
   83   80   78   74   71   66   63   61   60
    27.5-180.0 180.0   5.0 450.0                            LAT/LON1/LON2/DLON/H
   63   62   61   58   56   55   56   60   66   70   73   74   74   74   74   73
   73   73   72   71   70   67   66   66   69   75   87   99  109  115  119  122
  126  130  133  138  147  158  170  180  187  193  198  202  203  203  203  206
  212  218  223  223  218  211  203  193  183  169  151  134  120  108   99   94
   90   86   84   81   76   71   68   65   63
    25.0-180.0 180.0   5.0 450.0                            LAT/LON1/LON2/DLON/H
   70   67   63   58   55   53   53   56   60   64   66   68   69   70   70   71
   71   70   70   67   64   62   61   62   66   75   87  101  112  118  122  127
  132  138  143  149  157  168  179  188  196  203  211  218  221  222  224  227
  234  241  246  247  245  241  234  227  217  202  183  163  144  129  116  107
  101   96   93   90   85   79   75   72   70
    22.5-180.0 180.0   5.0 450.0                            LAT/LON1/LON2/DLON/H
   78   73   68   62   57   53   52   53   55   58   60   62   63   65   66   66
   66   66   66   64   61   59   59   61   68   78   91  104  115  121  126  132
  139  147  153  160  168  179  189  198  207  215  225  235  241  243  246  251
  258  266  271  273  272  270  266  260  250  235  215  192  171  152  136  123
  115  109  106  101   96   90   84   81   78
    20.0-180.0 180.0   5.0 450.0                            LAT/LON1/LON2/DLON/H
   88   82   74   67   61   56   52   52   53   54   55   57   59   60   61   62
   62   62   63   62   61   60   61   65   73   84   96  108  117  123  129  138
  148  157  165  173  181  191  200  209  219  228  239  251  260  265  269  275
  283  289  294  295  296  294  292  287  278  263  242  219  195  175  156  141
  130  123  119  115  109  102   96   93   88
    17.5-180.0 180.0   5.0 450.0                            LAT/LON1/LON2/DLON/H
   99   91   82   74   67   61   57   55   53   53   55   56   57   58   58   59
   58   59   61   61   62   63   66   72   80   91  102  112  119  126  134  145
  158  169  178  187  196  206  215  223  232  242  255  267  279  286  291  297
  305  310  313  314  312  311  309  306  298  283  262  239  217  195  175  158
  146  138  132  128  122  114  108  103   99
    15.0-180.0 180.0   5.0 450.0                            LAT/LON1/LON2/DLON/H
  106   98   89   81   74   68   64   61   58   57   57   58   58   59   58   57
   56   57   59   62   64   66   71   78   87   98  107  115  121  129  139  153
  168  182  192  202  213  222  231  239  247  257  270  284  296  304  310  317
  323  327  329  327  324  322  320  317  309  295  275  253  232  211  191  173
  160  151  145  140  133  126  118  113  106
    12.5-180.0 180.0   5.0 450.0                            LAT/LON1/LON2/DLON/H
  110  102   93   86   81   75   71   67   64   63   62   63   63   63   61   58
   56   58   60   63   67   70   74   83   93  104  112  118  124  133  145  161
  179  194  206  217  228  239  248  254  262  272  285  299  310  319  326  333
  338  341  340  335  331  326  324  320  313  299  281  262  242  222  202  184
  170  160  153  147  140  133  124  117  110
    10.0-180.0 180.0   5.0 450.0                            LAT/LON1/LON2/DLON/H
  110  102   94   88   84   80   76   72   69   69   70   70   70   68   65   61
   60   61   63   66   68   71   76   84   96  106  115  120  127  137  153  171
  190  205  219  230  242  254  262  269  276  285  297  311  323  332  339  345
  349  350  348  342  335  329  325  321  313  300  285  269  251  231  210  192
  178  167  158  151  144  136  127  118  110
     7.5-180.0 180.0   5.0 450.0                            LAT/LON1/LON2/DLON/H
  107   99   92   87   84   81   78   75   73   73   75   76   76   73   69   65
   64   64   67   68   70   72   76   83   95  107  117  124  131  143  159  179
  198  214  227  239  253  265  273  280  287  297  309  321  332  340  348  354
  357  357  354  347  340  332  326  321  313  303  290  277  260  239  217  198
  183  170  160  150  143  135  126  116  107
     5.0-180.0 180.0   5.0 450.0                            LAT/LON1/LON2/DLON/H
  103   95   88   83   81   79   76   75   74   75   77   78   78   76   73   69
   67   67   69   71   70   70   73   81   94  108  119  127  136  149  167  186
  205  220  232  244  258  272  282  289  296  306  317  328  338  347  354  359
  363  364  360  355  347  339  332  326  318  309  299  288  271  249  224  204
  188  173  160  148  139  131  122  112  103
     2.5-180.0 180.0   5.0 450.0                            LAT/LON1/LON2/DLON/H
  102   93   86   81   78   75   73   73   72   73   75   76   76   75   72   69
   68   69   71   71   70   68   70   79   93  109  121  132  141  155  173  192
  209  222  234  246  260  275  287  295  303  313  323  333  343  351  357  364
  367  369  369  365  359  351  344  337  330  322  314  304  287  262  235  212
  194  178  161  148  137  128  120  111  102
