data/AutoSurvey Results/ProFlex/IGS Corrections/igrg3440.20i
     1.0            IONOSPHERE MAPS     MIX                 IONEX VERSION / TYPE
tecrms2ionex_2.awk  GRL/UWM            12/17/20 1712UT      PGM / RUN BY / DATE
Global ionosphere maps for day 344, 2020 ( 9-12-2020)       DESCRIPTION
IONEX file containing the COMBINED IGS Ionosphere maps      DESCRIPTION
from the combination of the following IAACs:                DESCRIPTION
esrg                                                        DESCRIPTION
jprg                                                        DESCRIPTION
Contact address: Andrzej Krankowski                         DESCRIPTION
                 Geodynamics Research Laboratory            DESCRIPTION
                 University of Warmia and Mazury (GRL/UWM)  DESCRIPTION
                 Oczapowski St. 1                           DESCRIPTION
                 10-957-Olsztyn, POLAND                     DESCRIPTION
                 e-mail:  kand@uwm.edu.pl                   DESCRIPTION
                                                            DESCRIPTION
  2020    12     9     0     0     0                        EPOCH OF FIRST MAP
  2020    12    10     0     0     0                        EPOCH OF LAST MAP
  7200                                                      INTERVAL
    13                                                      # OF MAPS IN FILE
  COSZ                                                      MAPPING FUNCTION
     0.0                                                    ELEVATION CUTOFF
Combined TEC calculated as weighted mean of input TEC valuesOBSERVABLES USED
   314                                                      # OF STATIONS
     0                                                      # OF SATELLITES
  6371.0                                                    BASE RADIUS
     2                                                      MAP DIMENSION
   450.0 450.0   0.0                                        HGT1 / HGT2 / DHGT
    87.5 -87.5  -2.5                                        LAT1 / LAT2 / DLAT
  -180.0 180.0   5.0                                        LON1 / LON2 / DLON
    -1                                                      EXPONENT
TEC values in  0.1 TECUs; 9999 if no value available        COMMENT
DCB values in nanoseconds, reference is Sum_of_SatDCBs = 0  COMMENT
                                                            END OF HEADER
[from data line 858]
     3                                                      START OF TEC MAP
  2020    12     9     4     0     0                        EPOCH OF CURRENT MAP
    87.5-180.0 180.0   5.0 450.0                            LAT/LON1/LON2/DLON/H
   32   32   32   32   32   32   32   32   32   32   31   31   30   30   30   29
   29   29   29   29   28   28   28   28   29   29   29   29   29   29   30   30
   30   31   31   32   32   33   33   33   34   34   34   34   34   35   35   34
   34   34   34   34   34   33   33   33   33   33   33   32   32   32   32   32
   32   32   32   32   32   32   31   31   32
    85.0-180.0 180.0   5.0 450.0                            LAT/LON1/LON2/DLON/H
   30   30   31   31   32   32   32   32   32   32   31   30   29   28   28   27
   25   24   23   22   22   21   21   21   21   21   21   21   22   23   24   26
   27   28   30   31   32   33   34   35   36   36   37   37   37   37   37   36
   36   35   35   34   33   33   32   31   31   30   30   29   29   28   28   28
   28   28   28   28   28   29   30   30   30
    82.5-180.0 180.0   5.0 450.0                            LAT/LON1/LON2/DLON/H
   27   29   30   30   31   32   32   32   33   32   32   31   30   28   26   24
   22   19   18   16   14   13   12   12   12   12   13   14   15   17   19   21
   23   26   28   30   32   33   35   36   37   38   38   38   38   38   37   36
   35   34   33   32   31   30   29   28   28   27   26   26   25   25   24   24
   24   23   24   24   24   25   26   27   27
    80.0-180.0 180.0   5.0 450.0                            LAT/LON1/LON2/DLON/H
   24   26   27   29   30   31   32   33   34   34   33   33   31   28   26   23
   20   16   14   11    8    6    5    5    5    5    6    8   10   12   15   18
   21   24   27   29   32   34   36   37   38   38   38   38   38   37   35   35
   33   32   31   30   29   28   26   25   25   25   24   23   23   22   22   21
   21   21   21   21   22   22   22   24   24
    77.5-180.0 180.0   5.0 450.0                            LAT/LON1/LON2/DLON/H
   22   23   24   26   28   30   32   33   34   35   35   34   32   30   27   23
   19   16   12    8    5    4    4    4    4    4    5    6    8   11   14   18
   20   24   26   29   31   34   35   36   37   37   36   36   35   34   32   31
   30   28   27   26   25   25   25   25   25   25   25   25   25   25   24   24
   23   22   22   22   21   20   21   21   22
    75.0-180.0 180.0   5.0 450.0                            LAT/LON1/LON2/DLON/H
   21   22   22   24   26   28   30   32   33   35   35   35   34   32   29   25
   21   17   13    8    5    5    4    4    4    5    6    7   10   13   17   20
   22   25   27   29   30   31   32   33   34   33   33   31   30   29   27   26
   25   24   23   23   23   25   25   27   28   29   30   31   32   32   31   31
   30   28   27   25   24   23   22   21   21
    72.5-180.0 180.0   5.0 450.0                            LAT/LON1/LON2/DLON/H
   23   22   22   22   24   25   27   29   31   33   35   35   35   33   31   27
   24   19   15   12   10    8    6    6    7    8   11   13   16   19   22   23
   25   26   28   28   29   29   29   30   29   29   28   27   25   23   22   21
   20   20   21   22   24   26   28   32   34   37   39   41   42   42   42   41
   40   38   36   33   31   28   26   24   23
    70.0-180.0 180.0   5.0 450.0                            LAT/LON1/LON2/DLON/H
   27   25   24   23   23   24   25   27   29   31   33   34   34   33   31   29
   26   23   20   17   15   14   13   14   14   16   17   20   23   25   27   27
   28   28   28   27   26   25   25   25   24   24   23   22   20   19   18   17
   17   19   20   23   26   31   35   39   43   46   49   52   53   54   54   54
   52   50   47   43   40   36   33   30   27
    67.5-180.0 180.0   5.0 450.0                            LAT/LON1/LON2/DLON/H
   34   30   27   26   24   24   24   25   27   29   31   32   33   33   31   29
   27   25   23   22   20   20   20   20   21   22   24   26   28   29   30   31
   31   29   27   25   23   22   21   21   20   20   19   19   17   16   15   16
   16   19   23   27   32   37   42   47   51   56   59   62   63   65   65   64
   63   60   57   53   49   45   41   37   34
    65.0-180.0 180.0   5.0 450.0                            LAT/LON1/LON2/DLON/H
   41   37   33   30   28   25   24   24   25   27   29   31   31   32   31   30
   28   27   26   25   25   24   24   24   25   26   27   29   30   32   33   32
   31   29   25   22   20   19   18   18   19   19   19   18   17   16   16   17
   19   23   28   34   39   46   51   56   60   64   67   70   71   72   73   73
   72   69   66   62   57   53   49   45   41
    62.5-180.0 180.0   5.0 450.0                            LAT/LON1/LON2/DLON/H
   47   43   40   36   32   29   26   25   25   26   27   29   30   30   29   29
   28   27   27   26   26   26   26   25   25   26   26   28   30   32   32   32
   30   28   25   21   19   17   17   18   19   20   20   19   19   19   19   21
   24   29   35   41   48   54   59   64   68   70   72   74   76   77   79   79
   78   76   73   69   64   59   55   51   47
    60.0-180.0 180.0   5.0 450.0                            LAT/LON1/LON2/DLON/H
   53   49   46   42   37   33   30   28   26   26   27   28   29   29   28   27
   27   26   27   26   26   25   24   23   22   23   24   26   28   30   32   32
   30   27   24   20   17   17   17   19   21   22   23   23   23   23   24   27
   31   37   43   50   57   63   68   71   74   76   77   78   79   81   82   83
   83   81   78   74   70   65   60   56   53
    57.5-180.0 180.0   5.0 450.0                            LAT/LON1/LON2/DLON/H
   58   55   51   47   42   38   33   30   28   27   27   28   28   28   27   26
   25   25   25   25   24   23   21   20   19   19   21   23   27   31   33   33
   32   28   25   21   19   18   19   22   25   27   28   28   28   29   31   35
   39   45   52   59   65   71   75   78   79   80   80   81   82   84   86   88
   88   86   84   80   75   69   65   61   58
    55.0-180.0 180.0   5.0 450.0                            LAT/LON1/LON2/DLON/H
   63   59   56   52   47   42   37   33   31   29   29   29   28   27   26   25
   24   24   23   24   23   21   19   17   16   17   20   25   29   33   36   37
   35   32   28   25   23   23   24   26   29   31   32   33   33   35   38   42
   48   54   60   67   73   78   82   84   84   85   84   85   86   89   91   93
   95   93   91   86   80   75   70   66   63
    52.5-180.0 180.0   5.0 450.0                            LAT/LON1/LON2/DLON/H
   67   64   60   56   52   47   42   38   35   32   31   30   29   27   26   24
   24   23   23   23   22   21   18   17   18   21   25   31   36   41   44   44
   42   38   34   31   30   29   30   32   34   37   37   38   39   41   45   50
   56   62   68   75   80   85   88   90   91   90   90   91   93   95   98  101
  103  102   99   94   88   82   76   71   67
    50.0-180.0 180.0   5.0 450.0                            LAT/LON1/LON2/DLON/H
   73   69   65   61   57   52   47   43   39   36   34   32   30   28   27   25
   24   24   25   25   24   22   22   21   24   28   35   42   48   52   55   54
   50   47   43   40   38   37   37   39   40   41   41   42   44   47   52   57
   64   70   76   82   87   92   95   97   97   98   98   98  100  102  105  108
  110  111  108  104   97   91   84   78   73
    47.5-180.0 180.0   5.0 450.0                            LAT/LON1/LON2/DLON/H
   80   75   70   66   62   58   53   48   44   40   38   35   33   31   29   27
   26   26   28   28   28   29   29   30   35   42   50   58   64   67   66   64
   61   56   52   49   47   45   45   45   45   45   45   46   48   53   58   65
   72   78   84   90   95   99  102  104  105  106  105  106  107  108  111  114
  116  117  116  112  106   99   92   85   80
    45.0-180.0 180.0   5.0 450.0                            LAT/LON1/LON2/DLON/H
   87   81   76   72   67   63   58   54   49   46   44   41   38   35   32   30
   30   31   32   34   35   38   40   44   50   59   67   75   79   80   78   74
   69   65   62   59   56   54   52   50   49   48   48   49   52   58   66   74
   81   88   93   97  102  106  109  111  112  112  113  112  113  113  114  116
  119  121  121  119  114  107  100   93   87
    42.5-180.0 180.0   5.0 450.0                            LAT/LON1/LON2/DLON/H
   94   88   83   78   73   68   63   58   55   52   50   47   44   41   37   36
   36   37   40   42   45   48   53   59   67   77   85   91   93   92   88   82
   76   73   70   67   64   61   57   55   53   52   51   53   57   65   74   83
   90   97  101  105  109  113  115  117  118  118  118  117  115  114  114  115
  118  120  121  121  117  112  106  100   94
    40.0-180.0 180.0   5.0 450.0                            LAT/LON1/LON2/DLON/H
   99   93   88   83   77   72   66   62   59   57   56   54   51   48   45   43
   43   45   48   51   56   61   67   75   84   93  100  103  103   99   93   86
   81   78   75   73   70   66   62   59   56   55   55   57   63   71   82   92
   99  105  109  112  116  119  121  122  123  123  122  121  118  115  113  112
  114  116  118  119  117  114  109  104   99
    37.5-180.0 180.0   5.0 450.0                            LAT/LON1/LON2/DLON/H
  102   97   92   86   80   73   68   64   62   62   63   62   59   56   53   51
   52   54   57   61   66   72   79   88   96  103  107  109  106  100   94   87
   82   80   78   76   72   68   64   61   59   58   59   62   69   78   89   99
  107  112  116  119  121  123  125  125  126  127  127  126  122  118  115  113
  112  113  115  116  115  114  110  106  102
    35.0-180.0 180.0   5.0 450.0                            LAT/LON1/LON2/DLON/H
  104  100   94   87   80   73   67   64   63   65   67   68   67   64   61   60
   60   62   65   69   75   81   88   96  102  106  108  107  103   97   91   86
   82   80   79   76   73   69   65   62   61   61   62   66   74   84   95  106
  113  117  120  122  125  127  128  129  131  132  134  134  132  128  124  120
  118  117  117  117  116  114  111  108  104
    32.5-180.0 180.0   5.0 450.0                            LAT/LON1/LON2/DLON/H
  107  103   96   88   80   72   65   62   61   65   69   72   72   71   69   68
   68   70   72   76   80   86   91   97  102  103  102   99   96   91   87   83
   80   78   76   73   70   66   63   62   62   63   65   70   78   88  100  110
  116  120  123  126  128  130  132  134  137  141  146  149  151  148  143  139
  134  132  129  126  123  120  116  112  107
    30.0-180.0 180.0   5.0 450.0                            LAT/LON1/LON2/DLON/H
  115  107   99   90   80   71   63   59   58   62   68   73   74   74   74   73
   74   75   77   79   83   87   90   93   94   95   92   88   86   84   82   79
   77   75   72   69   64   61   59   60   61   64   67   72   80   92  103  112
  118  122  124  128  131  135  138  142  147  155  164  173  179  179  175  170
  165  160  153  146  140  134  127  120  115
    27.5-180.0 180.0   5.0 450.0                            LAT/LON1/LON2/DLON/H
  127  117  107   95   83   73   63   56   55   58   64   69   73   75   76   76
   76   77   78   79   81   83   85   86   85   83   80   77   77   78   79   78
   75   72   67   63   58   56   55   56   59   62   67   72   81   93  104  113
  118  122  126  130  135  140  147  154  163  173  187  202  213  217  215  210
  205  198  189  178  168  157  147  137  127
    25.0-180.0 180.0   5.0 450.0                            LAT/LON1/LON2/DLON/H
  148  134  120  106   93   80   67   58   54   54   59   64   69   72   74   76
   76   76   77   77   78   79   79   77   76   74   72   71   72   76   79   79
   74   69   63   56   51   49   49   52   56   60   65   72   82   93  104  113
  118  123  128  134  141  150  159  170  182  197  215  234  250  257  257  254
  249  242  231  216  203  191  177  162  148
    22.5-180.0 180.0   5.0 450.0                            LAT/LON1/LON2/DLON/H
  173  155  139  125  109   94   78   65   56   53   55   59   64   67   71   73
   73   73   73   73   73   73   73   72   71   70   69   69   73   79   82   81
   76   67   59   51   46   44   45   48   52   56   62   71   81   94  105  114
  119  125  132  141  151  162  175  189  204  221  242  265  284  293  295  293
  290  283  271  256  242  227  211  192  173
    20.0-180.0 180.0   5.0 450.0                            LAT/LON1/LON2/DLON/H
  201  180  163  148  133  116   97   79   65   57   55   57   60   64   68   70
   70   69   68   68   68   69   69   71   72   73   73   75   80   85   88   86
   78   67   56   48   43   41   42   45   49   52   59   69   81   95  107  116
  123  132  141  151  164  177  192  209  226  244  267  290  309  319  322  321
  319  312  302  289  276  262  244  223  201
    17.5-180.0 180.0   5.0 450.0                            LAT/LON1/LON2/DLON/H
  227  205  188  175  161  144  122  100   82   69   62   60   62   65   68   69
   68   66   66   65   66   67   70   73   78   81   84   87   90   93   95   90
   81   68   57   48   43   41   42   44   46   49   57   68   82   98  110  120
  130  140  152  164  178  194  210  227  245  263  284  306  324  333  335  334
  331  328  320  310  301  289  273  250  227
    15.0-180.0 180.0   5.0 450.0                            LAT/LON1/LON2/DLON/H
  248  228  212  201  189  172  150  126  104   87   76   70   70   71   72   71
   69   66   65   65   66   69   74   80   88   95   98  100  102  103  101   95
   84   70   60   52   47   45   44   44   44   47   55   69   86  102  116  127
  138  150  163  178  192  209  226  243  259  276  294  312  326  333  334  333
  331  328  324  318  312  305  291  270  248
    12.5-180.0 180.0   5.0 450.0                            LAT/LON1/LON2/DLON/H
  263  245  232  223  214  199  178  153  129  109   95   88   85   84   82   78
   73   70   69   70   71   75   81   90  100  108  112  113  112  110  106   98
   86   74   64   57   53   51   48   45   45   48   56   72   90  108  122  134
  147  161  175  190  205  221  237  253  268  282  297  311  321  325  324  322
  321  319  318  316  314  311  301  283  263
    10.0-180.0 180.0   5.0 450.0                            LAT/LON1/LON2/DLON/H
  273  257  246  240  233  220  201  178  154  133  118  109  104  101   95   88
   81   78   78   80   81   84   91  101  112  120  123  122  119  114  107   98
   87   76   68   63   60   56   52   48   45   49   59   75   95  114  128  141
  155  169  184  199  213  229  244  257  270  282  293  303  310  313  311  310
  308  308  307  308  311  310  303  290  273
     7.5-180.0 180.0   5.0 450.0                            LAT/LON1/LON2/DLON/H
  280  268  258  252  246  236  219  198  176  155  140  131  125  119  111  101
   93   89   90   93   95   97  101  111  122  129  130  127  122  115  106   97
   86   78   72   68   66   61   55   50   47   52   63   81  101  119  134  147
  160  174  189  203  217  231  245  257  267  277  286  295  300  302  302  302
  301  301  302  303  306  308  304  294  280
     5.0-180.0 180.0   5.0 450.0                            LAT/LON1/LON2/DLON/H
  290  280  270  263  256  245  232  213  192  173  159  150  144  138  127  114
  105  102  104  108  109  108  110  119  129  133  133  128  121  113  103   94
   85   78   74   72   68   64   57   51   50   55   68   87  107  124  139  151
  163  176  190  204  217  230  242  253  262  271  280  288  294  298  300  302
  305  306  305  305  307  310  307  301  290
     2.5-180.0 180.0   5.0 450.0                            LAT/LON1/LON2/DLON/H
  304  294  284  274  265  255  242  225  206  187  173  165  160  153  141  127
  117  113  115  120  121  118  118  124  132  134  131  125  118  109  100   90
   83   78   74   72   69   64   58   53   53   60   74   93  112  129  141  152
  163  176  189  201  213  226  238  248  256  265  276  286  295  302  308  314
  320  321  319  316  316  318  317  312  304
