data/7 day dataset/IGS corrections/igsg3010.20i
     1.0            IONOSPHERE MAPS     MIX                 IONEX VERSION / TYPE
cmpcmb v1.2          GRL/UWM            12-nov-20 16:38     PGM / RUN BY / DATE 
ionex file containing IGS COMBINED Ionosphere maps          COMMENT             
global ionosphere maps for day 301, 2020                    DESCRIPTION         
IONEX file containing the COMBINED IGS TEC MAPS and DCBs    DESCRIPTION         
      IONEX files of the following IAACs were combined: cod DESCRIPTION         
                                                        esa DESCRIPTION         
                                                        jpl DESCRIPTION         
                                                        upc DESCRIPTION         
Contact address: Andrzej Krankowski                         DESCRIPTION
                 Geodynamics Research Laboratory            DESCRIPTION
                 University of Warmia and Mazury (GRL/UWM)  DESCRIPTION
                 Oczapowski St. 1                           DESCRIPTION
                 10-957-Olsztyn, POLAND                     DESCRIPTION
                 e-mail:  kand@uwm.edu.pl                   DESCRIPTION
                                                            DESCRIPTION         
  2020    10    27     0     0     0                        EPOCH OF FIRST MAP  
  2020    10    28     0     0     0                        EPOCH OF LAST MAP   
  7200                                                      INTERVAL            
    13                                                      # OF MAPS IN FILE   
  COSZ                                                      MAPPING FUNCTION    
     0.0                                                    ELEVATION CUTOFF    
combined TEC calculated as weighted mean of input TEC valuesOBSERVABLES USED    
   420                                                      # OF STATIONS       
    31                                                      # OF SATELLITES     
  6371.0                                                    BASE RADIUS         
     2                                                      MAP DIMENSION       
   450.0 450.0   0.0                                        HGT1 / HGT2 / DHGT  
    87.5 -87.5  -2.5                                        LAT1 / LAT2 / DLAT  
  -180.0 180.0   5.0                                        LON1 / LON2 / DLON  
    -1                                                      EXPONENT            
TEC values in 0.1 tec units;  9999, if no value available   COMMENT             
DCB values in nanoseconds, reference is Sum_of_SatDCBs = 0  COMMENT             
                                                            END OF HEADER       
[from data line 858]
     3                                                      START OF TEC MAP    
  2020    10    27     4     0     0                        EPOCH OF CURRENT MAP
    87.5-180.0 180.0   5.0 450.0                            LAT/LON1/LON2/DLON/H
   33   32   33   33   33   33   33   33   32   32   32   32   32   32   31   31
   31   31   31   30   30   30   29   29   29   29   28   28   28   28   28   28
   28   28   28   28   28   28   28   28   28   29   29   29   29   29   30   30
   30   30   30   30   30   30   31   31   31   31   31   31   31   31   31   32
   32   32   32   32   32   32   33   32   33
    85.0-180.0 180.0   5.0 450.0                            LAT/LON1/LON2/DLON/H
   33   33   33   33   33   33   33   33   33   32   32   32   32   31   31   31
   30   29   28   28   27   26   25   25   24   24   24   24   23   24   24   24
   24   24   24   25   25   26   26   26   26   27   27   27   27   27   27   28
   28   28   28   28   29   30   30   30   31   31   31   32   32   32   32   33
   33   32   32   32   32   33   33   33   33
    82.5-180.0 180.0   5.0 450.0                            LAT/LON1/LON2/DLON/H
   31   31   31   31   31   32   32   32   32   33   32   32   32   31   30   29
   28   27   25   24   23   22   20   19   18   18   18   18   18   18   18   19
   19   20   21   22   22   23   23   24   24   24   25   24   25   25   26   26
   26   26   27   27   28   29   30   31   32   32   33   33   33   33   34   34
   33   34   33   33   33   32   32   31   31
    80.0-180.0 180.0   5.0 450.0                            LAT/LON1/LON2/DLON/H
   30   29   29   29   29   30   30   31   31   32   31   32   31   30   29   28
   27   25   23   21   19   17   16   15   14   13   13   12   13   13   14   15
   16   17   18   19   20   21   22   23   23   23   23   23   23   23   23   24
   25   26   26   27   29   30   31   33   34   35   36   37   37   37   37   37
   37   36   35   34   33   32   31   31   30
    77.5-180.0 180.0   5.0 450.0                            LAT/LON1/LON2/DLON/H
   29   28   28   27   27   28   28   28   29   30   31   31   31   30   28   27
   25   23   21   19   17   15   11   11    9   10   10    9    9   10   10   11
   13   15   16   18   19   20   21   21   21   22   21   20   21   21   21   22
   23   25   27   29   31   33   35   37   38   40   41   42   43   43   43   43
   42   41   39   37   36   34   32   31   29
    75.0-180.0 180.0   5.0 450.0                            LAT/LON1/LON2/DLON/H
   30   28   27   25   25   25   26   26   27   28   28   29   29   28   27   25
   23   21   19   18   16   14   11   10    9   10   10   10   10   10   10   11
   12   14   16   17   18   19   20   20   19   19   19   18   18   19   20   21
   24   26   29   32   35   38   40   42   45   46   48   49   50   50   50   49
   48   47   45   43   41   38   35   33   30
    72.5-180.0 180.0   5.0 450.0                            LAT/LON1/LON2/DLON/H
   33   30   28   26   25   24   23   24   24   25   25   26   25   25   24   23
   22   20   19   18   17   16   13   13   11   10   10   10   10   11   12   12
   13   15   16   17   18   18   19   18   17   17   16   16   16   17   19   21
   25   28   32   36   40   44   46   49   51   53   55   56   57   57   57   56
   55   53   52   49   47   44   40   37   33
    70.0-180.0 180.0   5.0 450.0                            LAT/LON1/LON2/DLON/H
   38   35   31   28   26   24   23   22   22   23   22   22   22   23   22   21
   21   20   20   20   20   19   18   17   15   14   14   13   12   13   14   14
   15   15   16   16   17   17   16   16   15   14   14   14   14   17   19   23
   28   32   37   42   46   50   53   55   57   59   60   61   62   63   62   62
   61   60   58   56   53   50   46   42   38
    67.5-180.0 180.0   5.0 450.0                            LAT/LON1/LON2/DLON/H
   44   40   36   32   29   26   24   23   22   21   20   20   20   19   19   19
   20   20   20   21   22   22   22   22   20   19   18   17   17   17   16   17
   17   17   16   16   16   15   15   14   13   13   12   12   14   17   21   26
   31   37   43   48   52   56   59   61   62   63   64   65   65   65   65   65
   65   64   63   61   59   56   52   48   44
    65.0-180.0 180.0   5.0 450.0                            LAT/LON1/LON2/DLON/H
   50   46   42   37   33   30   27   25   23   21   20   19   18   17   17   18
   19   20   21   23   24   24   24   24   23   22   21   20   20   20   20   19
   18   18   17   15   14   14   13   12   12   11   12   12   15   19   24   30
   36   43   49   54   57   61   63   65   65   66   65   66   66   66   66   66
   66   66   65   65   63   61   58   54   50
    62.5-180.0 180.0   5.0 450.0                            LAT/LON1/LON2/DLON/H
   55   52   47   43   38   34   30   28   25   23   21   19   18   17   17   17
   18   19   21   23   24   24   24   24   22   22   21   21   22   23   22   21
   20   19   17   15   14   13   13   12   12   12   13   15   18   23   29   35
   42   49   54   59   63   66   67   68   68   67   67   66   66   65   65   66
   66   66   66   66   65   64   62   59   55
    60.0-180.0 180.0   5.0 450.0                            LAT/LON1/LON2/DLON/H
   59   56   52   48   43   39   34   30   27   24   22   20   19   17   17   17
   17   19   20   21   22   22   22   22   21   19   20   21   22   23   24   23
   22   20   19   17   15   15   14   14   14   15   17   20   24   29   35   42
   48   54   60   64   67   70   71   71   71   71   70   69   68   67   66   67
   66   66   66   66   66   66   64   62   59
    57.5-180.0 180.0   5.0 450.0                            LAT/LON1/LON2/DLON/H
   62   60   56   52   47   42   37   32   29   26   24   22   20   18   18   17
   17   18   19   20   20   19   19   18   18   17   18   21   22   25   26   26
   25   24   23   22   20   19   19   19   19   20   23   26   31   36   42   49
   55   61   66   70   73   74   76   76   76   77   76   76   75   74   71   70
   69   68   67   67   67   68   66   65   62
    55.0-180.0 180.0   5.0 450.0                            LAT/LON1/LON2/DLON/H
   67   64   61   57   51   45   39   34   30   27   25   24   22   21   19   19
   18   18   18   18   17   17   16   15   16   17   19   23   25   28   29   30
   31   30   30   29   28   27   27   27   27   28   31   35   39   45   51   57
   63   68   72   76   79   81   82   84   86   87   87   87   86   84   81   78
   74   73   71   70   70   70   69   68   67
    52.5-180.0 180.0   5.0 450.0                            LAT/LON1/LON2/DLON/H
   71   69   65   61   56   49   42   36   31   29   27   26   25   23   22   21
   20   20   19   18   17   16   15   16   18   20   23   27   30   33   34   36
   37   39   40   39   39   38   38   37   37   38   40   43   48   53   59   65
   71   76   81   84   86   89   91   94   96   99  101  101  100   97   93   88
   83   80   77   76   75   75   74   72   71
    50.0-180.0 180.0   5.0 450.0                            LAT/LON1/LON2/DLON/H
   77   74   71   67   61   53   45   38   33   31   30   29   28   27   25   24
   23   23   22   22   20   20   20   22   24   28   31   35   38   40   42   44
   46   48   50   51   51   51   50   48   47   47   48   51   56   61   67   74
   79   85   89   91   94   98  100  104  108  112  114  115  115  112  106  100
   94   89   86   84   83   82   82   79   77
    47.5-180.0 180.0   5.0 450.0                            LAT/LON1/LON2/DLON/H
   85   81   78   74   68   59   50   42   37   35   34   33   32   30   28   27
   27   27   27   27   27   27   29   32   35   41   44   47   49   52   52   53
   56   59   62   63   64   63   61   59   56   55   56   58   63   68   74   82
   88   93   97  100  103  107  110  114  118  121  124  126  126  122  117  110
  104   98   94   93   92   92   91   87   85
    45.0-180.0 180.0   5.0 450.0                            LAT/LON1/LON2/DLON/H
   93   89   87   83   75   65   56   48   42   40   39   39   37   34   32   31
   31   31   32   34   36   38   42   46   51   56   60   62   62   62   62   62
   65   69   72   74   75   74   71   67   63   62   61   63   68   75   82   90
   97  102  105  108  112  115  118  122  125  128  130  131  131  128  123  117
  110  105  103  102  102  101  100   96   93
    42.5-180.0 180.0   5.0 450.0                            LAT/LON1/LON2/DLON/H
  100   96   95   90   82   73   63   54   49   47   46   45   43   39   36   35
   35   36   39   42   46   50   55   61   66   71   74   74   72   71   68   69
   72   75   79   82   82   81   77   72   68   65   65   68   74   81   89   98
  106  111  113  116  119  121  124  127  129  130  131  130  129  127  123  118
  114  110  110  111  111  111  109  104  100
    40.0-180.0 180.0   5.0 450.0                            LAT/LON1/LON2/DLON/H
  106  102  100   95   88   79   68   60   56   54   54   52   49   45   41   40
   40   42   45   50   55   60   66   72   76   81   82   81   78   75   72   73
   76   80   83   86   86   84   80   75   70   68   68   73   80   88   97  106
  113  118  120  123  126  128  130  131  131  130  128  128  126  125  121  118
  116  115  118  120  122  120  118  112  106
    37.5-180.0 180.0   5.0 450.0                            LAT/LON1/LON2/DLON/H
  111  105  102   97   90   81   72   65   61   61   60   59   56   51   47   45
   45   47   51   57   62   68   73   78   81   84   84   82   79   75   73   74
   78   81   85   87   87   84   80   75   71   70   72   77   86   95  104  112
  118  123  126  129  132  134  137  137  135  131  129  127  126  125  123  122
  121  122  129  130  132  129  125  118  111
    35.0-180.0 180.0   5.0 450.0                            LAT/LON1/LON2/DLON/H
  112  105  100   95   89   80   72   67   64   65   66   65   63   58   54   51
   51   53   56   62   67   72   76   78   80   80   80   78   76   73   72   73
   77   81   84   85   84   81   77   74   71   71   74   81   91  100  109  117
  123  127  131  135  138  142  146  147  144  139  137  135  134  134  133  133
  134  137  143  144  144  139  131  122  112
    32.5-180.0 180.0   5.0 450.0                            LAT/LON1/LON2/DLON/H
  113  103   96   90   84   75   68   65   64   66   68   69   68   65   61   57
   57   58   61   67   71   74   75   74   74   72   72   72   70   69   69   71
   75   79   80   80   78   75   73   71   70   71   77   85   95  104  112  120
  126  131  136  141  148  154  161  164  163  159  156  155  155  155  155  155
  156  159  163  162  159  150  139  126  113
    30.0-180.0 180.0   5.0 450.0                            LAT/LON1/LON2/DLON/H
  116  103   92   84   77   69   62   58   60   64   67   69   70   69   66   64
   63   64   66   70   72   74   71   68   66   64   64   66   65   65   66   68
   71   74   74   72   70   68   68   67   68   72   78   87   96  106  114  122
  128  135  143  152  162  172  184  191  193  190  189  188  188  190  189  189
  188  190  193  187  179  165  149  133  116
    27.5-180.0 180.0   5.0 450.0                            LAT/LON1/LON2/DLON/H
  124  107   93   80   71   63   54   50   52   57   62   67   69   70   70   69
   68   68   70   72   74   72   68   62   59   58   59   62   62   63   63   65
   67   68   67   63   60   60   60   62   65   70   77   85   95  106  115  123
  131  140  152  166  181  196  211  223  230  229  230  233  235  236  234  233
  229  229  229  219  203  184  164  144  124
    25.0-180.0 180.0   5.0 450.0                            LAT/LON1/LON2/DLON/H
  138  120  101   83   70   61   52   46   44   47   52   60   65   69   70   71
   71   71   72   74   73   71   65   60   57   56   58   61   63   62   61   62
   63   62   60   55   52   52   53   56   61   66   74   83   94  106  115  125
  135  148  164  183  202  222  240  259  269  270  276  283  289  291  287  281
  275  271  268  255  234  211  183  160  138
    22.5-180.0 180.0   5.0 450.0                            LAT/LON1/LON2/DLON/H
  157  137  118   96   78   66   56   48   42   41   45   53   60   65   68   71
   72   73   73   74   73   69   65   60   59   60   64   67   67   65   61   59
   58   56   52   48   45   46   48   51   56   62   70   81   94  106  118  129
  142  159  179  203  225  248  269  288  300  308  318  331  340  342  337  327
  321  312  304  289  267  240  209  179  157
    20.0-180.0 180.0   5.0 450.0                            LAT/LON1/LON2/DLON/H
  180  160  139  117   95   80   68   57   48   44   45   50   57   62   65   69
   71   72   72   73   71   69   66   65   67   71   75   77   76   70   63   57
   54   51   47   43   41   42   43   46   51   57   66   79   92  106  120  134
  152  173  196  222  246  269  290  309  321  332  345  361  372  376  372  360
  351  343  337  320  297  268  236  208  180
    17.5-180.0 180.0   5.0 450.0                            LAT/LON1/LON2/DLON/H
  207  185  164  145  124  105   89   73   62   54   52   55   59   63   65   69
   72   71   71   71   69   68   69   72   78   84   90   90   85   76   66   59
   53   48   44   41   40   40   40   42   46   52   63   76   92  108  125  142
  163  187  212  240  265  287  303  317  327  338  352  368  381  384  381  371
  362  355  351  338  317  290  261  235  207
    15.0-180.0 180.0   5.0 450.0                            LAT/LON1/LON2/DLON/H
  233  212  191  174  155  136  117  102   85   73   68   67   68   69   69   71
   73   72   71   69   68   69   73   80   90  100  105  103   95   84   72   62
   53   48   44   42   40   39   38   38   42   49   61   76   93  111  130  151
  174  200  226  254  277  295  307  315  322  331  343  358  371  375  372  364
  357  351  348  340  324  301  279  256  233
    12.5-180.0 180.0   5.0 450.0                            LAT/LON1/LON2/DLON/H
  254  237  219  203  186  168  149  133  115   99   90   86   84   82   80   79
   79   76   74   70   68   70   78   89  102  112  117  114  105   91   78   65
   55   49   46   44   41   39   38   37   40   49   62   79   97  117  137  160
  184  210  235  258  279  295  303  305  308  315  325  338  350  356  353  346
  342  337  335  331  318  301  284  270  254
    10.0-180.0 180.0   5.0 450.0                            LAT/LON1/LON2/DLON/H
  265  254  245  230  216  199  180  163  145  129  117  111  105  102   96   92
   90   85   80   74   71   74   84   97  112  121  125  121  111   96   82   68
   58   53   50   47   44   42   39   37   39   50   65   82  102  122  143  164
  189  212  236  257  274  288  294  294  294  296  304  316  328  334  333  326
  322  319  318  315  307  296  286  274  265
     7.5-180.0 180.0   5.0 450.0                            LAT/LON1/LON2/DLON/H
  272  268  262  252  239  223  205  189  172  155  147  138  130  125  117  111
  105  100   92   83   79   82   92  104  119  127  129  124  113   99   85   72
   64   59   54   51   47   44   40   38   41   52   68   86  105  125  144  165
  186  210  231  250  267  279  284  285  285  285  289  299  312  319  319  314
  308  305  304  301  295  289  283  277  272
     5.0-180.0 180.0   5.0 450.0                            LAT/LON1/LON2/DLON/H
  275  274  274  267  256  240  223  205  192  179  169  162  156  149  145  135
  126  119  109   99   93   94  103  114  127  131  131  124  113  100   88   79
   71   65   59   54   50   46   41   38   42   55   72   89  107  126  144  163
  182  204  225  243  259  269  274  278  281  281  284  294  306  313  315  312
  305  299  296  292  287  283  280  277  275
     2.5-180.0 180.0   5.0 450.0                            LAT/LON1/LON2/DLON/H
  278  278  280  277  265  250  233  217  204  193  184  180  175  172  172  164
  153  142  130  121  114  112  119  127  137  137  133  125  113  101   91   83
   76   70   63   58   53   48   42   39   44   56   74   92  110  127  144  161
  178  197  217  234  250  260  267  274  279  283  287  297  309  317  319  316
  309  301  294  288  284  281  280  278  278
