data/7 day dataset/IGS corrections/igsg2990.20i
     1.0            IONOSPHERE MAPS     MIX                 IONEX VERSION / TYPE
cmpcmb v1.2          GRL/UWM            12-nov-20 16:27     PGM / RUN BY / DATE 
ionex file containing IGS COMBINED Ionosphere maps          COMMENT             
global ionosphere maps for day 299, 2020                    DESCRIPTION         
IONEX file containing the COMBINED IGS TEC MAPS and DCBs    DESCRIPTION         
      IONEX files of the following IAACs were combined: cod DESCRIPTION         
                                                        esa DESCRIPTION         
                                                        jpl DESCRIPTION         
                                                        upc DESCRIPTION         
Contact address: Andrzej Krankowski                         DESCRIPTION
                 Geodynamics Research Laboratory            DESCRIPTION
                 University of Warmia and Mazury (GRL/UWM)  DESCRIPTION
                 Oczapowski St. 1                           DESCRIPTION
                 10-957-Olsztyn, POLAND                     DESCRIPTION
                 e-mail:  kand@uwm.edu.pl                   DESCRIPTION
                                                            DESCRIPTION         
  2020    10    25     0     0     0                        EPOCH OF FIRST MAP  
  2020    10    26     0     0     0                        EPOCH OF LAST MAP   
  7200                                                      INTERVAL            
    13                                                      # OF MAPS IN FILE   
  COSZ                                                      MAPPING FUNCTION    
     0.0                                                    ELEVATION CUTOFF    
combined TEC calculated as weighted mean of input TEC valuesOBSERVABLES USED    
   413                                                      # OF STATIONS       
    31                                                      # OF SATELLITES     
  6371.0                                                    BASE RADIUS         
     2                                                      MAP DIMENSION       
   450.0 450.0   0.0                                        HGT1 / HGT2 / DHGT  
    87.5 -87.5  -2.5                                        LAT1 / LAT2 / DLAT  
  -180.0 180.0   5.0                                        LON1 / LON2 / DLON  
    -1                                                      EXPONENT            
TEC values in 0.1 tec units;  9999, if no value available   COMMENT             
DCB values in nanoseconds, reference is Sum_of_SatDCBs = 0  COMMENT             
                                                            END OF HEADER       
[from data line 5148]
    13                                                      START OF TEC MAP    
  2020    10    26     0     0     0                        EPOCH OF CURRENT MAP
    87.5-180.0 180.0   5.0 450.0                            LAT/LON1/LON2/DLON/H
   44   44   44   45   46   47   47   47   47   48   47   47   47   47   46   45
   45   43   43   43   42   41   41   41   41   41   40   40   41   40   40   40
   39   39   39   39   39   39   38   39   39   38   39   39   39   39   40   40
   40   40   40   40   40   40   41   40   40   40   40   41   40   40   40   40
   40   40   41   41   41   42   42   43   44
    85.0-180.0 180.0   5.0 450.0                            LAT/LON1/LON2/DLON/H
   48   49   50   51   52   52   53   54   54   54   55   55   55   55   55   55
   54   53   51   47   45   44   42   41   40   39   39   39   38   37   37   36
   36   35   35   34   34   33   33   32   33   33   34   34   34   35   35   36
   37   37   38   38   38   39   39   39   39   39   39   39   39   39   40   40
   40   41   41   42   43   45   47   48   48
    82.5-180.0 180.0   5.0 450.0                            LAT/LON1/LON2/DLON/H
   49   50   51   52   53   54   56   57   58   59   60   61   60   60   59   58
   57   55   56   55   52   47   43   40   38   38   38   35   36   33   31   30
   29   29   29   29   30   30   30   30   30   31   31   32   33   33   34   35
   35   36   36   37   37   37   37   37   37   37   37   38   38   39   39   39
   40   41   42   43   44   45   46   47   49
    80.0-180.0 180.0   5.0 450.0                            LAT/LON1/LON2/DLON/H
   50   52   53   55   59   61   63   64   65   66   67   67   66   66   64   62
   60   58   55   54   51   50   46   37   37   36   34   33   31   29   28   26
   26   26   27   26   27   28   29   29   30   30   31   32   32   33   34   34
   35   35   35   35   35   35   34   35   35   35   36   36   36   37   38   39
   40   41   42   43   45   46   47   49   50
    77.5-180.0 180.0   5.0 450.0                            LAT/LON1/LON2/DLON/H
   53   55   57   60   62   64   66   68   70   72   72   70   70   69   67   64
   63   61   58   54   51   50   45   42   41   40   36   33   30   29   27   28
   27   26   25   25   26   27   28   29   29   30   31   32   33   33   34   34
   34   34   33   33   32   31   31   31   32   33   33   34   34   36   37   39
   40   41   43   45   47   48   50   51   53
    75.0-180.0 180.0   5.0 450.0                            LAT/LON1/LON2/DLON/H
   56   58   60   61   63   65   67   69   72   74   75   75   73   71   67   65
   63   59   57   55   52   49   44   40   37   35   35   33   32   31   30   27
   25   24   24   24   25   26   27   28   29   30   31   32   33   33   32   32
   31   31   30   29   28   27   27   28   28   29   30   31   32   34   36   38
   40   42   44   47   48   50   52   54   56
    72.5-180.0 180.0   5.0 450.0                            LAT/LON1/LON2/DLON/H
   58   60   61   62   64   65   68   71   74   76   76   74   72   69   67   64
   60   58   55   50   48   48   43   39   36   34   33   32   31   30   29   31
   28   26   25   24   24   25   26   27   28   28   28   29   29   30   29   29
   28   27   26   24   23   23   22   23   24   25   26   28   31   33   35   38
   40   43   45   48   51   53   55   57   58
    70.0-180.0 180.0   5.0 450.0                            LAT/LON1/LON2/DLON/H
   62   63   63   64   66   67   69   72   74   77   75   72   70   67   64   60
   57   52   49   45   46   45   41   37   35   34   33   31   30   29   28   27
   27   26   24   24   23   22   22   22   24   24   24   24   25   25   25   24
   23   22   20   19   19   18   18   18   20   22   25   27   30   33   35   39
   42   45   47   51   54   57   59   61   62
    67.5-180.0 180.0   5.0 450.0                            LAT/LON1/LON2/DLON/H
   66   66   66   67   67   68   70   72   75   76   75   73   70   66   61   56
   52   48   43   42   41   39   37   35   33   32   32   30   28   27   26   24
   22   21   20   19   19   19   19   18   18   19   19   20   20   20   20   19
   18   17   16   15   14   14   15   16   18   21   25   29   33   35   38   41
   44   47   51   55   57   61   63   65   66
    65.0-180.0 180.0   5.0 450.0                            LAT/LON1/LON2/DLON/H
   71   71   70   69   69   69   71   73   75   76   76   74   70   66   60   54
   50   46   41   39   37   35   34   31   30   29   29   27   26   24   23   21
   19   18   16   16   15   14   15   15   15   16   17   18   19   18   17   16
   15   14   13   12   12   12   13   15   18   22   27   33   37   40   42   44
   47   51   55   59   62   66   69   71   71
    62.5-180.0 180.0   5.0 450.0                            LAT/LON1/LON2/DLON/H
   77   76   74   72   71   70   71   74   76   77   77   75   72   67   61   56
   52   47   43   40   37   34   31   28   26   26   25   24   23   21   20   18
   15   15   14   13   13   12   13   13   15   16   17   20   20   19   18   16
   15   15   14   12   13   13   15   17   21   26   32   37   41   45   47   49
   51   55   58   62   66   70   74   76   77
    60.0-180.0 180.0   5.0 450.0                            LAT/LON1/LON2/DLON/H
   83   82   80   78   75   73   74   75   78   79   79   78   75   71   66   61
   57   51   48   43   38   33   29   24   21   22   21   20   19   18   17   15
   13   12   12   13   13   14   15   15   17   20   22   24   25   23   22   21
   19   18   16   15   15   16   18   22   27   32   38   43   48   51   53   55
   56   59   62   66   70   75   79   82   83
    57.5-180.0 180.0   5.0 450.0                            LAT/LON1/LON2/DLON/H
   89   89   88   86   82   79   79   78   79   80   80   79   78   76   73   69
   64   59   54   48   41   34   28   23   20   20   20   19   18   17   16   15
   13   14   14   16   17   19   20   21   24   27   30   32   32   31   30   28
   25   23   21   20   20   21   24   29   33   38   44   50   55   57   59   61
   62   65   68   71   76   80   85   88   89
    55.0-180.0 180.0   5.0 450.0                            LAT/LON1/LON2/DLON/H
   97   98   98   96   91   87   84   81   81   82   82   82   82   81   79   76
   72   67   62   54   45   37   30   25   21   21   22   22   21   20   19   18
   17   17   19   22   24   27   30   32   35   38   41   43   42   41   40   37
   33   31   29   29   29   29   32   35   39   43   50   57   61   63   65   68
   69   72   75   78   81   86   91   95   97
    52.5-180.0 180.0   5.0 450.0                            LAT/LON1/LON2/DLON/H
  107  108  109  107  103   97   93   89   86   85   85   85   86   85   85   83
   80   75   70   61   52   44   37   32   29   29   29   29   28   28   25   24
   24   25   27   31   35   39   44   46   50   53   54   56   54   52   50   47
   43   41   40   39   38   37   39   40   43   48   55   62   65   68   71   74
   76   80   83   86   90   94   99  103  107
    50.0-180.0 180.0   5.0 450.0                            LAT/LON1/LON2/DLON/H
  115  118  119  118  115  109  103   98   94   92   91   91   91   90   89   88
   85   81   74   67   59   52   46   42   39   40   40   40   39   37   34   33
   33   36   39   43   48   53   58   60   64   67   68   69   67   64   60   57
   54   53   53   51   48   45   45   45   48   54   60   66   69   72   76   79
   83   88   92   96  100  104  108  111  115
    47.5-180.0 180.0   5.0 450.0                            LAT/LON1/LON2/DLON/H
  124  127  129  128  126  122  116  110  105  101   98   97   96   94   92   91
   87   83   77   71   65   60   56   54   53   53   52   51   49   47   45   43
   44   47   52   56   61   66   70   74   76   79   79   78   77   75   71   69
   66   65   63   60   56   53   51   52   55   60   66   71   74   77   81   85
   90   96  102  106  110  114  118  121  124
    45.0-180.0 180.0   5.0 450.0                            LAT/LON1/LON2/DLON/H
  132  134  135  135  134  132  128  123  117  112  109  105  103  100   96   92
   88   83   78   74   70   68   67   67   66   66   64   62   58   55   53   53
   54   58   64   69   73   77   81   84   86   86   86   84   83   83   81   81
   77   74   71   68   64   61   59   60   63   69   73   78   81   84   87   93
   99  106  114  119  122  125  128  131  132
    42.5-180.0 180.0   5.0 450.0                            LAT/LON1/LON2/DLON/H
  139  138  138  139  139  139  138  135  129  123  119  115  111  106  101   94
   88   83   79   76   76   76   77   77   77   75   72   69   66   63   61   61
   63   67   72   77   81   85   87   88   89   88   88   88   88   88   88   86
   84   81   78   74   70   67   66   67   72   78   82   86   89   92   96  101
  108  115  125  131  134  136  139  140  139
    40.0-180.0 180.0   5.0 450.0                            LAT/LON1/LON2/DLON/H
  147  143  141  141  141  144  146  145  142  136  130  125  120  115  108   98
   91   84   81   80   81   83   85   84   83   80   76   72   69   66   66   67
   69   73   78   81   84   87   89   88   88   89   89   90   91   92   91   89
   87   86   83   79   74   71   71   74   80   86   90   94   97  101  105  110
  117  125  133  140  145  148  151  150  147
    37.5-180.0 180.0   5.0 450.0                            LAT/LON1/LON2/DLON/H
  159  153  148  144  142  146  152  155  153  148  143  136  131  125  117  107
   96   89   85   85   86   88   89   88   85   81   76   71   67   66   66   69
   73   76   80   82   84   87   88   88   88   90   91   93   94   93   91   89
   88   86   84   80   76   74   74   79   86   93   99  102  106  110  113  119
  126  133  141  148  155  161  164  164  159
    35.0-180.0 180.0   5.0 450.0                            LAT/LON1/LON2/DLON/H
  178  170  160  151  146  149  157  162  164  160  154  148  142  137  129  118
  107   97   92   90   90   90   89   88   84   79   72   68   64   64   66   70
   74   78   80   82   84   87   88   89   90   91   94   94   94   91   89   87
   85   84   82   79   75   73   75   82   91  100  106  111  114  118  121  128
  135  143  152  159  169  177  183  183  178
    32.5-180.0 180.0   5.0 450.0                            LAT/LON1/LON2/DLON/H
  206  194  180  164  156  158  165  171  173  172  166  158  153  149  142  132
  120  109  102   96   93   90   87   83   79   73   68   64   62   62   66   71
   75   78   80   83   85   88   90   91   93   94   96   95   92   89   85   83
   81   79   77   74   72   71   75   83   94  104  112  117  122  126  130  136
  145  155  164  175  188  197  205  209  206
    30.0-180.0 180.0   5.0 450.0                            LAT/LON1/LON2/DLON/H
  240  230  211  191  178  175  179  184  185  182  176  170  165  161  155  145
  133  123  113  104   96   89   82   77   73   69   65   62   61   63   67   73
   77   80   82   86   88   91   93   95   97   98   97   94   91   86   81   77
   74   72   70   68   67   68   73   83   95  106  115  122  128  133  137  146
  156  169  181  196  211  224  233  240  240
    27.5-180.0 180.0   5.0 450.0                            LAT/LON1/LON2/DLON/H
  282  276  257  232  214  204  201  202  201  195  188  182  177  172  166  158
  147  136  124  111   98   87   79   73   70   68   67   66   66   68   73   78
   81   84   88   92   94   95   98  100  100   99   97   92   87   81   75   71
   67   65   63   60   60   64   72   82   95  106  116  124  132  138  145  155
  167  184  202  220  238  255  269  278  282
    25.0-180.0 180.0   5.0 450.0                            LAT/LON1/LON2/DLON/H
  328  330  314  286  262  245  233  227  222  212  202  195  190  184  176  169
  159  148  134  117  100   86   77   73   72   73   75   76   76   79   83   87
   89   91   95   98   99  100  101  102  100   98   94   88   82   75   69   64
   60   58   55   54   56   61   69   81   95  107  117  125  133  141  150  162
  180  200  225  247  267  287  302  317  328
    22.5-180.0 180.0   5.0 450.0                            LAT/LON1/LON2/DLON/H
  376  386  381  351  322  296  274  257  246  233  219  210  202  195  186  178
  169  157  141  120  103   89   82   81   84   88   92   93   93   94   96   97
   99   99  101  103  103  103  101  100   97   93   87   81   74   67   61   56
   53   50   48   47   50   56   67   80   95  107  118  125  134  143  153  166
  190  217  249  272  295  317  333  356  376
    20.0-180.0 180.0   5.0 450.0                            LAT/LON1/LON2/DLON/H
  410  434  436  420  386  350  320  294  276  257  242  229  218  207  197  187
  176  164  145  125  109   98   94   98  106  114  118  117  113  112  113  110
  109  107  105  105  103  101   98   94   90   84   78   72   65   58   53   50
   48   45   42   42   45   53   66   82   96  108  119  127  135  144  155  170
  197  229  259  288  314  336  353  379  410
    17.5-180.0 180.0   5.0 450.0                            LAT/LON1/LON2/DLON/H
  422  458  478  473  440  401  364  334  309  287  268  252  237  223  209  198
  185  171  152  132  119  112  114  124  135  147  150  144  136  132  131  124
  120  114  110  106  102   98   92   88   82   76   69   63   57   51   48   45
   43   41   39   40   44   53   67   84   99  111  122  131  138  148  159  176
  203  235  266  295  318  338  357  384  422
    15.0-180.0 180.0   5.0 450.0                            LAT/LON1/LON2/DLON/H
  410  455  488  496  473  436  399  368  341  318  297  278  260  244  227  215
  199  184  163  146  137  135  141  153  165  176  176  166  156  153  149  136
  128  120  113  105   99   93   86   81   75   69   63   57   52   47   44   42
   42   40   39   40   44   55   70   88  104  116  127  136  145  154  166  184
  209  240  270  295  315  329  343  370  410
    12.5-180.0 180.0   5.0 450.0                            LAT/LON1/LON2/DLON/H
  382  427  465  483  476  449  418  390  367  347  327  307  286  270  252  240
  221  204  182  169  164  165  172  183  190  193  188  176  169  167  160  146
  135  125  115  103   97   88   82   77   72   66   60   54   49   44   42   41
   42   41   40   40   46   57   73   91  108  121  133  142  151  160  174  192
  217  246  273  294  309  316  327  346  382
    10.0-180.0 180.0   5.0 450.0                            LAT/LON1/LON2/DLON/H
  350  387  425  446  450  438  417  397  383  370  354  336  314  298  279  265
  251  232  206  193  191  194  201  207  207  201  190  180  175  173  165  153
  140  126  112  100   92   85   81   77   73   67   61   54   48   42   41   41
   42   42   40   41   45   56   73   93  111  125  138  149  158  168  182  202
  226  253  276  294  302  305  309  323  350
     7.5-180.0 180.0   5.0 450.0                            LAT/LON1/LON2/DLON/H
  320  346  375  400  410  408  398  388  385  382  374  359  341  328  309  292
  279  259  230  217  215  218  222  222  215  203  190  181  178  176  171  159
  143  125  109   98   91   85   82   81   77   70   63   55   49   44   42   43
   43   43   41   39   43   55   74   95  112  126  141  154  166  177  192  212
  235  260  280  294  300  299  298  304  320
     5.0-180.0 180.0   5.0 450.0                            LAT/LON1/LON2/DLON/H
  302  316  335  355  368  373  372  371  373  379  380  373  362  353  340  321
  303  280  255  239  232  233  236  231  217  202  190  183  183  182  177  164
  146  128  110   98   92   86   86   85   80   74   65   58   51   47   45   45
   45   44   41   38   42   55   75   95  113  127  142  157  171  185  201  221
  243  266  285  298  303  301  297  296  302
     2.5-180.0 180.0   5.0 450.0                            LAT/LON1/LON2/DLON/H
  302  305  313  325  336  343  346  349  355  364  371  371  369  364  357  343
  322  295  273  257  246  244  244  235  218  203  193  190  191  189  180  167
  148  129  111   98   92   89   88   87   83   75   68   61   54   50   48   47
   47   45   42   39   42   55   75   96  112  127  141  157  173  190  207  227
  249  273  293  307  312  310  306  303  302
