data/7 day dataset/IGS corrections/igsg3030.20i
     1.0            IONOSPHERE MAPS     MIX                 IONEX VERSION / TYPE
cmpcmb v1.2          GRL/UWM            12-nov-20 16:49     PGM / RUN BY / DATE 
ionex file containing IGS COMBINED Ionosphere maps          COMMENT             
global ionosphere maps for day 303, 2020                    DESCRIPTION         
IONEX file containing the COMBINED IGS TEC MAPS and DCBs    DESCRIPTION         
      IONEX files of the following IAACs were combined: cod DESCRIPTION         
                                                        esa DESCRIPTION         
                                                        jpl DESCRIPTION         
                                                        upc DESCRIPTION         
Contact address: Andrzej Krankowski                         DESCRIPTION
                 Geodynamics Research Laboratory            DESCRIPTION
                 University of Warmia and Mazury (GRL/UWM)  DESCRIPTION
                 Oczapowski St. 1                           DESCRIPTION
                 10-957-Olsztyn, POLAND                     DESCRIPTION
                 e-mail:  kand@uwm.edu.pl                   DESCRIPTION
                                                            DESCRIPTION         
  2020    10    29     0     0     0                        EPOCH OF FIRST MAP  
  2020    10    30     0     0     0                        EPOCH OF LAST MAP   
  7200                                                      INTERVAL            
    13                                                      # OF MAPS IN FILE   
  COSZ                                                      MAPPING FUNCTION    
     0.0                                                    ELEVATION CUTOFF    
combined TEC calculated as weighted mean of input TEC valuesOBSERVABLES USED    
   418                                                      # OF STATIONS       
    31                                                      # OF SATELLITES     
  6371.0                                                    BASE RADIUS         
     2                                                      MAP DIMENSION       
   450.0 450.0   0.0                                        HGT1 / HGT2 / DHGT  
    87.5 -87.5  -2.5                                        LAT1 / LAT2 / DLAT  
  -180.0 180.0   5.0                                        LON1 / LON2 / DLON  
    -1                                                      EXPONENT            
TEC values in 0.1 tec units;  9999, if no value available   COMMENT             
DCB values in nanoseconds, reference is Sum_of_SatDCBs = 0  COMMENT             
                                                            END OF HEADER       
[from data line 3003]
     8                                                      START OF TEC MAP    
  2020    10    29    14     0     0                        EPOCH OF CURRENT MAP
    87.5-180.0 180.0   5.0 450.0                            LAT/LON1/LON2/DLON/H
   42   42   42   42   42   42   42   42   43   43   42   43   43   43   43   44
   44   44   45   45   45   45   45   45   45   45   45   45   45   45   45   45
   45   45   44   44   44   44   43   43   43   43   43   42   42   42   42   42
   41   41   41   41   41   41   41   41   41   41   41   41   41   41   41   41
   41   41   41   41   42   42   42   42   42
    85.0-180.0 180.0   5.0 450.0                            LAT/LON1/LON2/DLON/H
   39   39   39   40   40   40   40   40   40   40   40   40   41   41   41   42
   42   43   44   44   45   46   47   48   48   48   48   48   47   46   46   45
   45   45   44   44   43   43   42   41   41   40   40   39   39   39   39   39
   39   38   38   38   38   39   39   39   39   39   39   39   38   38   38   38
   38   39   39   39   39   39   39   39   39
    82.5-180.0 180.0   5.0 450.0                            LAT/LON1/LON2/DLON/H
   36   36   37   37   37   37   37   37   37   38   38   38   38   39   40   40
   41   41   42   43   44   45   49   50   50   49   48   48   48   48   48   47
   47   45   45   44   43   41   40   39   38   37   37   35   35   35   35   35
   36   36   36   35   35   35   35   36   36   36   36   36   36   36   35   36
   36   36   36   35   36   36   35   36   36
    80.0-180.0 180.0   5.0 450.0                            LAT/LON1/LON2/DLON/H
   33   33   33   33   33   33   33   34   34   34   34   35   35   36   37   37
   38   39   40   42   43   43   48   49   51   52   51   51   50   50   49   49
   48   47   45   44   42   40   39   37   35   34   33   32   31   31   31   31
   31   32   32   32   31   31   32   32   33   34   34   34   34   34   33   33
   33   33   32   32   32   32   33   33   33
    77.5-180.0 180.0   5.0 450.0                            LAT/LON1/LON2/DLON/H
   30   30   30   30   30   31   31   32   32   31   31   31   32   33   34   36
   37   40   44   45   46   48   50   54   55   54   54   54   53   53   52   51
   48   47   46   45   43   40   38   36   34   33   31   30   28   27   27   27
   27   28   29   29   29   29   30   30   31   32   32   32   32   32   32   31
   31   30   30   30   29   29   30   30   30
    75.0-180.0 180.0   5.0 450.0                            LAT/LON1/LON2/DLON/H
   28   28   28   29   29   30   29   29   29   29   29   29   30   30   32   34
   36   39   41   45   47   50   53   56   59   60   60   58   57   57   56   54
   53   51   48   46   45   43   40   37   34   32   30   28   27   25   24   24
   24   24   25   26   27   28   28   29   30   30   31   30   30   30   30   30
   30   28   28   28   27   27   27   28   28
    72.5-180.0 180.0   5.0 450.0                            LAT/LON1/LON2/DLON/H
   26   27   28   28   28   28   28   28   28   27   28   28   28   29   31   33
   35   39   43   46   49   54   58   61   63   65   66   66   65   63   61   60
   58   57   54   51   48   45   43   40   37   34   31   29   27   25   23   23
   22   22   22   24   25   26   28   28   29   29   30   30   29   28   29   28
   28   28   27   26   26   26   26   26   26
    70.0-180.0 180.0   5.0 450.0                            LAT/LON1/LON2/DLON/H
   26   27   27   27   27   28   28   28   27   27   27   27   28   30   31   32
   35   40   44   48   53   58   63   67   68   71   73   73   73   71   69   67
   65   63   61   58   55   51   48   45   41   38   35   32   29   27   25   23
   22   21   22   23   23   25   26   27   28   29   29   28   28   28   27   27
   26   26   26   26   25   26   26   26   26
    67.5-180.0 180.0   5.0 450.0                            LAT/LON1/LON2/DLON/H
   27   27   27   28   27   27   28   28   28   27   27   27   28   29   30   33
   37   42   46   50   56   62   68   72   75   77   80   82   81   80   79   77
   74   72   69   66   62   58   55   51   47   44   41   37   34   31   28   26
   23   22   22   22   23   24   25   26   26   26   27   27   26   26   25   24
   24   25   25   26   26   26   26   27   27
    65.0-180.0 180.0   5.0 450.0                            LAT/LON1/LON2/DLON/H
   28   28   28   28   27   28   28   28   27   27   26   26   27   28   30   33
   37   42   47   53   59   65   71   75   80   83   85   89   89   88   88   87
   85   82   78   73   70   65   61   56   53   50   47   44   40   37   33   29
   26   23   22   21   22   22   23   24   24   24   23   24   23   22   23   23
   23   24   25   25   26   26   27   28   28
    62.5-180.0 180.0   5.0 450.0                            LAT/LON1/LON2/DLON/H
   28   28   28   28   28   27   27   27   27   26   26   26   26   27   29   32
   36   42   48   54   60   66   72   77   82   86   89   94   95   96   97   97
   96   92   87   82   76   71   65   61   58   55   52   49   46   42   37   32
   28   25   23   21   20   21   21   22   22   22   22   22   22   21   22   22
   23   24   25   26   26   26   27   28   28
    60.0-180.0 180.0   5.0 450.0                            LAT/LON1/LON2/DLON/H
   29   29   28   28   28   27   26   26   26   26   25   24   25   26   28   32
   36   42   48   56   62   68   74   78   83   88   92   98  101  104  105  106
  105  101   96   90   83   77   72   67   64   61   58   55   51   47   41   35
   31   26   24   22   21   21   21   22   22   22   22   23   23   23   23   24
   24   25   25   26   27   28   29   29   29
    57.5-180.0 180.0   5.0 450.0                            LAT/LON1/LON2/DLON/H
   31   30   30   29   29   28   28   27   26   25   24   23   24   25   28   32
   37   43   51   57   64   70   76   80   85   90   96  102  107  111  114  116
  115  111  105   98   91   85   79   74   70   67   64   61   57   51   45   39
   34   30   26   24   23   23   23   23   24   24   25   25   26   27   27   27
   27   28   28   28   29   29   30   31   31
    55.0-180.0 180.0   5.0 450.0                            LAT/LON1/LON2/DLON/H
   34   33   33   32   31   30   30   29   27   26   24   23   23   25   29   33
   39   46   53   60   66   72   78   83   87   93  100  106  112  117  122  125
  124  121  115  108  101   94   89   83   79   75   71   67   62   57   50   44
   38   33   30   29   28   28   28   29   29   30   30   31   32   32   32   32
   32   31   32   31   32   33   33   33   34
    52.5-180.0 180.0   5.0 450.0                            LAT/LON1/LON2/DLON/H
   38   38   37   36   36   35   34   32   30   28   26   24   24   26   30   36
   43   50   57   64   71   77   82   87   92   99  105  112  118  124  130  133
  133  129  124  118  112  107  101   96   90   85   80   74   69   63   56   50
   44   39   37   36   36   37   37   37   37   38   38   39   39   40   39   39
   38   36   36   37   37   37   38   38   38
    50.0-180.0 180.0   5.0 450.0                            LAT/LON1/LON2/DLON/H
   43   43   42   41   41   41   40   38   35   32   29   28   27   29   34   40
   48   56   63   71   77   83   88   93  100  107  113  118  125  131  136  140
  140  136  132  127  123  120  115  110  103   97   91   83   77   70   63   57
   51   48   46   46   45   46   46   47   46   47   47   47   47   47   47   46
   44   43   42   42   42   42   42   42   43
    47.5-180.0 180.0   5.0 450.0                            LAT/LON1/LON2/DLON/H
   48   49   48   48   48   48   46   44   41   39   35   33   32   34   39   46
   55   63   71   78   84   90   97  103  110  117  121  126  133  138  143  146
  145  142  139  137  136  135  133  126  120  113  104   95   86   79   71   64
   59   56   55   54   55   55   55   55   55   55   56   56   56   55   54   53
   51   50   48   47   46   46   47   47   48
    45.0-180.0 180.0   5.0 450.0                            LAT/LON1/LON2/DLON/H
   53   53   53   53   53   53   52   50   47   45   42   39   39   41   46   53
   62   71   80   87   93   99  107  115  121  127  131  135  140  144  148  151
  150  147  146  147  148  150  150  144  138  129  119  109   98   88   79   71
   66   64   63   63   63   63   63   62   61   61   61   62   61   61   61   60
   58   56   54   52   51   51   52   52   53
    42.5-180.0 180.0   5.0 450.0                            LAT/LON1/LON2/DLON/H
   56   56   55   56   56   58   57   55   53   50   48   46   45   48   53   61
   70   80   88   96  102  109  118  126  133  138  141  143  145  149  151  154
  154  153  154  157  162  166  166  162  155  146  134  121  109   97   87   79
   73   70   69   69   69   69   67   66   65   64   64   64   64   64   65   64
   63   60   59   57   55   55   56   56   56
    40.0-180.0 180.0   5.0 450.0                            LAT/LON1/LON2/DLON/H
   57   56   56   56   57   59   60   59   57   55   54   52   52   55   61   69
   78   89   97  104  111  118  128  136  143  147  148  148  149  151  154  157
  159  161  164  169  177  182  183  179  172  162  149  135  120  107   95   86
   79   74   73   72   71   70   69   67   66   66   65   65   64   65   65   65
   64   63   62   60   58   58   59   58   57
    37.5-180.0 180.0   5.0 450.0                            LAT/LON1/LON2/DLON/H
   57   56   55   55   56   58   59   60   59   58   58   57   57   62   69   78
   87   97  104  112  117  124  134  143  150  153  154  152  152  154  158  163
  168  172  179  186  194  199  199  196  188  177  163  148  132  116  103   92
   83   77   75   72   71   70   68   67   66   65   64   63   63   63   64   64
   64   63   62   61   60   59   59   58   57
    35.0-180.0 180.0   5.0 450.0                            LAT/LON1/LON2/DLON/H
   54   53   52   52   53   55   57   58   59   59   59   60   62   67   76   86
   95  105  111  118  123  130  139  149  156  158  157  155  156  159  164  172
  180  187  197  205  213  218  216  211  203  191  177  162  144  126  112   99
   87   80   76   73   71   69   68   67   67   65   64   63   62   62   63   63
   63   62   62   60   59   58   58   56   54
    32.5-180.0 180.0   5.0 450.0                            LAT/LON1/LON2/DLON/H
   52   50   48   48   49   51   53   55   57   58   59   61   66   74   83   94
  104  112  119  124  128  135  143  152  158  160  159  158  159  165  174  185
  196  207  218  231  237  240  235  228  220  205  191  176  157  140  122  107
   95   86   80   76   74   72   72   71   71   68   66   64   63   63   63   63
   63   62   60   59   58   57   56   54   52
    30.0-180.0 180.0   5.0 450.0                            LAT/LON1/LON2/DLON/H
   49   47   45   45   45   47   49   51   53   55   57   61   68   78   90  101
  112  120  125  129  133  138  144  153  159  162  162  163  166  175  188  201
  216  231  246  259  267  264  256  247  236  223  208  193  172  154  135  120
  106   96   88   84   81   80   81   80   78   75   72   69   67   66   66   65
   64   62   60   58   57   56   55   52   49
    27.5-180.0 180.0   5.0 450.0                            LAT/LON1/LON2/DLON/H
   49   47   45   43   43   43   45   47   49   51   54   60   69   82   95  108
  118  126  131  135  137  142  146  154  160  164  166  170  179  191  207  225
  242  260  278  294  301  295  285  270  255  244  228  210  190  171  154  139
  124  111  103   97   95   94   95   94   91   86   82   78   76   74   72   71
   68   64   62   60   59   58   55   53   49
    25.0-180.0 180.0   5.0 450.0                            LAT/LON1/LON2/DLON/H
   52   49   46   44   42   41   42   43   45   48   51   57   68   83   99  113
  124  132  137  140  144  148  153  160  165  169  173  183  196  213  232  250
  270  291  311  328  335  330  313  296  279  267  251  230  210  192  177  162
  146  134  124  119  116  113  114  113  107  100   95   90   88   85   82   79
   74   70   66   64   63   61   59   56   52
    22.5-180.0 180.0   5.0 450.0                            LAT/LON1/LON2/DLON/H
   58   55   50   46   43   40   40   41   42   44   47   55   67   83  101  117
  129  138  143  148  152  157  162  167  172  178  185  200  218  239  260  276
  295  313  339  354  360  352  339  322  306  287  270  255  235  218  204  188
  172  161  151  144  142  137  136  133  125  117  110  105  101   97   93   89
   83   77   73   70   68   67   65   62   58
    20.0-180.0 180.0   5.0 450.0                            LAT/LON1/LON2/DLON/H
   65   60   55   49   44   41   40   40   40   42   45   53   66   84  102  119
  133  143  150  157  163  168  173  177  183  190  201  221  244  268  290  304
  321  336  356  367  370  366  351  337  324  300  286  278  261  246  232  215
  200  189  180  170  166  162  159  153  143  133  125  119  115  110  106  101
   93   86   83   79   76   74   72   68   65
    17.5-180.0 180.0   5.0 450.0                            LAT/LON1/LON2/DLON/H
   71   66   60   53   47   42   40   40   40   40   44   53   66   85  103  122
  136  147  156  167  174  180  185  189  194  203  217  241  270  295  318  331
  343  356  366  372  375  370  356  343  330  311  300  296  284  270  258  243
  227  214  203  194  188  183  178  169  158  146  138  132  127  123  117  111
  103   97   93   88   84   82   79   75   71
    15.0-180.0 180.0   5.0 450.0                            LAT/LON1/LON2/DLON/H
   77   71   65   57   49   43   41   39   40   41   44   53   67   86  106  124
  140  152  163  175  184  192  197  201  207  218  235  261  293  318  338  348
  355  361  366  371  375  369  356  345  335  325  319  314  305  294  282  265
  250  235  221  211  204  198  192  181  169  157  149  142  136  131  125  119
  112  106  103   98   93   90   86   82   77
    12.5-180.0 180.0   5.0 450.0                            LAT/LON1/LON2/DLON/H
   81   75   69   62   53   46   42   40   41   42   46   55   69   87  107  126
  143  156  169  183  194  203  208  214  221  233  252  279  307  331  346  355
  357  357  361  366  368  364  356  349  344  342  340  334  322  311  301  284
  267  248  232  219  211  205  196  185  174  164  155  148  142  135  129  123
  116  112  109  104   99   95   91   86   81
    10.0-180.0 180.0   5.0 450.0                            LAT/LON1/LON2/DLON/H
   83   78   72   65   56   48   44   41   42   43   47   56   72   90  109  128
  145  160  174  189  202  212  218  226  234  247  265  290  315  334  347  352
  353  352  357  360  360  359  357  356  357  359  357  349  336  324  312  295
  275  254  234  219  210  203  193  183  175  167  159  152  144  137  129  122
  117  113  110  105  101   97   93   88   83
     7.5-180.0 180.0   5.0 450.0                            LAT/LON1/LON2/DLON/H
   82   77   73   66   58   50   46   44   43   44   49   59   75   93  112  130
  147  163  179  195  208  219  227  235  245  258  275  296  318  332  341  347
  347  349  353  356  359  361  363  368  372  375  370  360  347  334  319  300
  276  253  231  215  205  197  188  180  174  169  163  155  146  137  128  120
  114  111  108  103   98   95   91   87   82
     5.0-180.0 180.0   5.0 450.0                            LAT/LON1/LON2/DLON/H
   79   75   70   65   59   52   48   45   44   46   50   61   78   97  115  132
  149  167  183  199  212  223  233  243  255  269  283  301  319  330  337  342
  345  347  352  357  363  369  376  383  389  388  380  367  354  340  322  299
  275  250  227  211  200  192  186  180  175  172  168  160  149  137  126  117
  112  108  105   98   94   91   88   84   79
     2.5-180.0 180.0   5.0 450.0                            LAT/LON1/LON2/DLON/H
   75   72   68   65   59   54   49   47   46   46   51   63   81  101  119  136
  153  170  187  203  216  226  237  249  263  277  289  305  320  328  335  341
  346  350  357  365  372  379  389  398  402  397  386  372  357  342  324  300
  274  248  225  210  200  193  188  183  180  178  173  165  152  138  125  116
  110  106  102   94   90   87   84   80   75
