data/7 day dataset/IGS corrections/igsg3040.20i
     1.0            IONOSPHERE MAPS     MIX                 IONEX VERSION / TYPE
cmpcmb v1.2          GRL/UWM            12-nov-20 16:55     PGM / RUN BY / DATE 
ionex file containing IGS COMBINED Ionosphere maps          COMMENT             
global ionosphere maps for day 304, 2020                    DESCRIPTION         
IONEX file containing the COMBINED IGS TEC MAPS and DCBs    DESCRIPTION         
      IONEX files of the following IAACs were combined: cod DESCRIPTION         
                                                        esa DESCRIPTION         
                                                        jpl DESCRIPTION         
                                                        upc DESCRIPTION         
Contact address: Andrzej Krankowski                         DESCRIPTION
                 Geodynamics Research Laboratory            DESCRIPTION
                 University of Warmia and Mazury (GRL/UWM)  DESCRIPTION
                 Oczapowski St. 1                           DESCRIPTION
                 10-957-Olsztyn, POLAND                     DESCRIPTION
                 e-mail:  kand@uwm.edu.pl                   DESCRIPTION
                                                            DESCRIPTION         
  2020    10    30     0     0     0                        EPOCH OF FIRST MAP  
  2020    10    31     0     0     0                        EPOCH OF LAST MAP   
  7200                                                      INTERVAL            
    13                                                      # OF MAPS IN FILE   
  COSZ                                                      MAPPING FUNCTION    
     0.0                                                    ELEVATION CUTOFF    
combined TEC calculated as weighted mean of input TEC valuesOBSERVABLES USED    
   421                                                      # OF STATIONS       
    31                                                      # OF SATELLITES     
  6371.0                                                    BASE RADIUS         
     2                                                      MAP DIMENSION       
   450.0 450.0   0.0                                        HGT1 / HGT2 / DHGT  
    87.5 -87.5  -2.5                                        LAT1 / LAT2 / DLAT  
  -180.0 180.0   5.0                                        LON1 / LON2 / DLON  
    -1                                                      EXPONENT            
TEC values in 0.1 tec units;  9999, if no value available   COMMENT             
DCB values in nanoseconds, reference is Sum_of_SatDCBs = 0  COMMENT             
                                                            END OF HEADER       
[from data line 2145]
     6                                                      START OF TEC MAP    
  2020    10    30    10     0     0                        EPOCH OF CURRENT MAP
    87.5-180.0 180.0   5.0 450.0                            LAT/LON1/LON2/DLON/H
   30   30   30   30   30   31   31   31   31   31   31   31   31   31   31   31
   31   31   31   31   31   31   32   32   32   32   32   32   32   33   33   33
   33   33   33   34   34   34   34   33   33   33   33   33   33   33   32   31
   31   31   31   31   30   30   30   30   30   30   30   30   30   30   30   29
   29   29   29   29   30   30   30   30   30
    85.0-180.0 180.0   5.0 450.0                            LAT/LON1/LON2/DLON/H
   28   28   29   29   29   29   29   29   29   30   29   29   30   29   29   29
   29   29   29   29   29   29   29   29   29   30   30   31   31   32   32   32
   33   33   33   34   34   33   33   33   33   33   33   33   32   32   31   31
   30   30   29   29   28   28   27   27   27   26   26   26   26   26   26   26
   26   26   26   27   27   27   27   28   28
    82.5-180.0 180.0   5.0 450.0                            LAT/LON1/LON2/DLON/H
   26   27   27   28   28   28   28   28   28   28   28   27   27   26   26   25
   25   25   25   25   25   25   25   26   27   27   28   29   30   31   32   33
   34   35   36   37   37   37   37   37   36   35   35   33   32   31   31   30
   29   28   27   26   26   25   25   24   23   23   22   21   21   21   21   21
   21   22   22   23   23   24   25   26   26
    80.0-180.0 180.0   5.0 450.0                            LAT/LON1/LON2/DLON/H
   24   25   27   27   28   29   29   29   28   27   26   25   24   23   22   22
   21   21   20   20   21   22   22   23   25   26   27   28   29   30   32   33
   34   36   37   38   39   39   39   39   39   39   38   37   35   34   32   30
   29   28   26   25   24   23   23   22   21   20   19   18   17   17   17   17
   17   17   18   18   19   20   21   23   24
    77.5-180.0 180.0   5.0 450.0                            LAT/LON1/LON2/DLON/H
   22   24   26   27   28   29   29   28   28   28   26   24   22   21   19   19
   18   18   18   17   18   18   19   20   21   22   24   25   27   29   32   33
   35   37   39   40   42   42   43   43   43   43   42   41   40   38   36   35
   33   32   30   27   26   25   24   23   21   20   18   17   16   15   15   14
   14   14   14   14   15   17   19   20   22
    75.0-180.0 180.0   5.0 450.0                            LAT/LON1/LON2/DLON/H
   20   22   24   26   28   29   29   29   28   27   24   23   21   20   18   17
   16   16   16   16   17   18   18   20   20   22   23   25   26   28   31   34
   37   39   40   42   44   45   46   47   48   48   47   47   46   45   44   43
   41   39   37   35   33   31   28   26   24   23   21   19   17   16   15   14
   13   12   12   12   13   14   15   18   20
    72.5-180.0 180.0   5.0 450.0                            LAT/LON1/LON2/DLON/H
   17   20   23   26   28   29   30   29   28   26   25   23   21   19   17   16
   16   16   17   17   18   19   20   20   21   21   23   25   27   30   32   35
   37   40   43   44   46   48   49   51   52   53   53   53   53   53   53   52
   50   49   47   44   41   39   36   33   31   28   26   24   21   20   18   16
   15   13   12   12   12   12   13   15   17
    70.0-180.0 180.0   5.0 450.0                            LAT/LON1/LON2/DLON/H
   15   18   21   24   27   28   30   30   29   27   25   23   21   18   17   17
   17   18   18   19   20   21   21   22   22   22   24   25   28   31   34   38
   41   43   45   47   49   50   52   54   56   57   58   60   61   62   62   62
   61   59   57   55   51   47   44   41   37   34   32   29   27   24   22   20
   18   16   14   13   12   12   12   13   15
    67.5-180.0 180.0   5.0 450.0                            LAT/LON1/LON2/DLON/H
   13   15   18   21   24   26   28   28   28   26   24   22   20   19   18   17
   18   19   20   21   22   22   23   22   22   23   24   27   29   33   37   41
   44   47   50   51   52   54   55   57   59   61   63   65   68   70   71   72
   71   70   68   64   61   56   51   48   43   40   36   33   31   28   26   25
   22   20   17   15   13   12   12   12   13
    65.0-180.0 180.0   5.0 450.0                            LAT/LON1/LON2/DLON/H
   12   13   15   18   21   24   25   26   26   25   23   21   20   18   18   18
   19   20   21   22   23   23   23   21   21   22   24   27   31   36   41   45
   49   51   53   55   55   57   59   60   62   64   67   69   73   76   79   80
   80   79   77   73   68   62   57   52   47   43   39   36   34   32   30   28
   26   24   21   19   16   15   12   12   12
    62.5-180.0 180.0   5.0 450.0                            LAT/LON1/LON2/DLON/H
   12   12   13   15   17   20   22   23   23   22   21   20   19   18   18   18
   19   20   21   21   21   21   21   19   20   22   25   28   33   39   45   49
   53   56   57   59   60   61   62   64   66   68   70   73   77   81   84   85
   86   85   83   79   73   66   60   55   50   45   41   37   35   33   31   30
   28   27   25   22   20   17   15   13   12
    60.0-180.0 180.0   5.0 450.0                            LAT/LON1/LON2/DLON/H
   13   13   13   14   15   17   19   20   20   20   19   19   19   18   18   18
   19   19   19   19   19   18   18   17   18   21   25   30   37   43   49   54
   57   60   61   63   65   66   68   70   71   72   74   77   80   83   86   88
   89   89   86   80   75   68   62   56   51   46   42   38   35   33   32   31
   29   28   28   26   23   21   18   16   13
    57.5-180.0 180.0   5.0 450.0                            LAT/LON1/LON2/DLON/H
   17   15   14   15   15   16   17   18   17   17   18   18   18   18   17   17
   17   17   16   16   16   15   15   16   17   20   26   33   41   48   54   59
   63   65   67   69   71   73   75   77   78   78   79   80   82   85   88   90
   90   90   87   83   77   71   65   59   53   47   43   39   36   34   32   31
   31   30   30   29   28   25   23   20   17
    55.0-180.0 180.0   5.0 450.0                            LAT/LON1/LON2/DLON/H
   23   21   19   18   18   18   18   18   17   17   17   18   18   18   17   17
   16   15   15   14   15   15   15   16   18   23   29   37   46   54   60   65
   68   70   73   75   79   81   84   85   86   86   86   86   87   88   90   91
   92   91   89   85   80   75   69   63   58   52   47   42   39   36   34   33
   33   33   33   33   32   31   28   25   23
    52.5-180.0 180.0   5.0 450.0                            LAT/LON1/LON2/DLON/H
   30   28   27   25   25   23   22   20   19   19   19   19   19   20   19   18
   16   15   15   15   16   17   18   19   23   28   35   43   52   60   66   70
   74   76   79   83   87   91   94   96   96   95   94   93   93   93   94   94
   95   94   92   89   85   81   76   71   65   59   54   49   44   42   39   37
   36   36   37   38   38   37   35   33   30
    50.0-180.0 180.0   5.0 450.0                            LAT/LON1/LON2/DLON/H
   39   38   36   36   34   31   30   26   25   24   23   23   23   23   22   20
   19   18   18   19   20   22   23   25   29   34   42   50   59   66   72   76
   79   82   85   91   95  101  104  107  107  106  105  103  102  101  100  100
  101  100   98   95   92   89   85   81   74   68   62   57   52   48   45   42
   41   41   42   43   44   43   42   40   39
    47.5-180.0 180.0   5.0 450.0                            LAT/LON1/LON2/DLON/H
   48   47   46   45   43   41   39   35   33   31   29   29   29   28   26   25
   24   23   24   26   28   31   33   34   38   43   50   59   67   73   78   81
   84   88   92   98  104  109  113  116  117  117  117  115  113  111  109  108
  108  107  105  102  100   97   94   90   84   76   71   64   59   56   53   51
   49   48   49   50   50   50   50   48   48
    45.0-180.0 180.0   5.0 450.0                            LAT/LON1/LON2/DLON/H
   55   55   54   54   52   50   48   44   41   39   38   36   36   34   33   32
   31   32   33   35   38   42   43   45   47   52   59   67   74   80   84   87
   90   94   99  105  112  117  121  124  127  127  127  126  125  122  119  117
  116  114  112  109  107  105  102   98   92   85   78   72   66   63   61   59
   57   57   57   57   56   56   56   56   55
    42.5-180.0 180.0   5.0 450.0                            LAT/LON1/LON2/DLON/H
   59   59   60   59   57   56   54   52   49   47   46   45   43   42   41   40
   40   41   42   46   49   52   52   53   55   59   66   74   80   85   90   93
   96  101  106  112  118  123  127  130  133  136  137  137  134  131  129  126
  124  122  118  115  112  110  108  104   98   91   84   77   72   69   67   66
   65   64   64   63   62   61   59   59   59
    40.0-180.0 180.0   5.0 450.0                            LAT/LON1/LON2/DLON/H
   59   59   60   60   60   59   58   57   56   55   54   53   51   49   48   48
   48   50   52   55   58   60   59   59   61   65   71   79   85   90   95   99
  102  107  113  118  123  126  130  134  138  142  144  144  142  139  137  134
  132  130  125  120  116  113  111  107  101   94   87   80   75   72   71   71
   70   69   68   68   66   62   60   59   59
    37.5-180.0 180.0   5.0 450.0                            LAT/LON1/LON2/DLON/H
   56   56   57   57   57   56   56   58   59   60   61   60   59   57   56   55
   56   57   60   62   64   64   63   62   64   68   74   82   90   95  100  104
  108  114  119  124  128  130  133  137  142  146  149  150  148  145  142  141
  139  137  131  125  119  115  112  108  103   95   88   81   77   74   73   73
   73   71   71   70   66   62   58   55   56
    35.0-180.0 180.0   5.0 450.0                            LAT/LON1/LON2/DLON/H
   49   50   51   50   50   49   51   56   60   63   66   67   66   65   63   62
   62   64   65   67   67   66   64   63   64   70   77   86   93   99  104  109
  113  120  126  131  134  136  138  142  147  151  153  154  151  149  147  146
  146  144  139  132  124  118  115  111  106   98   90   84   79   76   75   74
   74   73   71   69   65   60   54   50   49
    32.5-180.0 180.0   5.0 450.0                            LAT/LON1/LON2/DLON/H
   44   44   43   43   42   42   44   49   57   63   68   70   71   70   68   67
   67   68   68   69   69   66   63   62   64   71   80   89   96  101  107  113
  118  125  132  137  141  143  146  151  155  157  158  157  155  153  153  154
  156  155  150  142  133  126  122  118  113  105   97   90   84   80   77   76
   76   74   72   70   65   59   52   47   44
    30.0-180.0 180.0   5.0 450.0                            LAT/LON1/LON2/DLON/H
   41   40   39   36   35   36   38   43   51   61   68   72   73   73   71   70
   70   69   69   69   68   65   62   61   64   71   82   91   99  105  110  116
  123  130  138  145  150  154  159  164  166  168  166  164  161  160  161  164
  169  171  166  159  149  139  134  130  125  118  109  101   94   88   83   80
   79   78   76   73   67   60   53   46   41
    27.5-180.0 180.0   5.0 450.0                            LAT/LON1/LON2/DLON/H
   44   40   38   35   33   32   33   38   46   56   63   69   72   72   73   72
   71   69   69   68   66   63   61   60   64   72   83   93  101  108  114  120
  128  136  144  153  161  169  175  181  183  182  180  177  174  173  175  181
  188  193  192  182  171  160  154  149  143  137  129  120  111  103   95   89
   86   85   83   79   73   66   57   50   44
    25.0-180.0 180.0   5.0 450.0                            LAT/LON1/LON2/DLON/H
   51   45   41   38   34   32   32   35   42   51   58   65   68   70   71   70
   69   68   67   66   64   61   59   61   66   75   84   94  102  110  117  123
  131  140  151  164  176  186  195  203  203  201  199  197  196  194  198  206
  215  223  222  212  198  186  179  175  170  165  156  145  134  123  113  105
   98   94   93   90   84   76   66   58   51
    22.5-180.0 180.0   5.0 450.0                            LAT/LON1/LON2/DLON/H
   61   54   48   44   40   36   35   36   40   47   53   59   63   65   67   67
   66   65   65   64   62   60   60   62   68   76   85   95  104  112  119  126
  133  144  158  173  189  203  215  223  225  223  225  227  227  226  231  239
  249  256  256  245  229  215  209  205  201  197  188  176  163  150  136  126
  114  109  106  102   97   88   78   69   61
    20.0-180.0 180.0   5.0 450.0                            LAT/LON1/LON2/DLON/H
   72   63   57   53   47   43   40   39   41   45   50   54   57   60   62   62
   62   63   63   62   61   60   60   63   70   78   86   95  104  112  120  128
  138  152  168  186  205  222  236  243  245  246  252  259  263  264  271  273
  284  292  290  278  262  247  240  235  233  230  221  208  196  182  165  151
  135  126  120  116  110  101   91   82   72
    17.5-180.0 180.0   5.0 450.0                            LAT/LON1/LON2/DLON/H
   84   74   66   61   57   51   47   45   45   46   49   51   53   55   57   58
   59   59   60   60   59   59   60   64   71   80   87   94  104  114  123  133
  146  163  180  200  221  239  253  260  264  270  279  289  297  302  308  309
  318  322  317  306  290  275  266  262  259  257  251  242  228  213  193  175
  157  145  136  129  122  113  104   94   84
    15.0-180.0 180.0   5.0 450.0                            LAT/LON1/LON2/DLON/H
   94   83   76   70   66   60   55   53   51   50   50   51   51   52   54   55
   56   57   57   58   58   58   60   64   72   81   88   96  106  117  128  141
  156  174  192  212  232  250  265  273  282  292  304  315  324  329  334  338
  341  341  336  325  310  296  288  282  281  279  275  266  253  234  214  194
  175  160  149  141  132  124  114  104   94
    12.5-180.0 180.0   5.0 450.0                            LAT/LON1/LON2/DLON/H
  103   92   84   79   75   70   65   62   59   56   55   54   52   51   52   53
   53   54   55   56   56   57   59   64   73   82   90  100  111  124  137  151
  166  184  204  223  240  257  271  282  293  306  321  335  344  349  351  353
  353  351  344  334  321  310  302  296  294  292  287  277  264  244  223  204
  185  170  157  147  138  130  121  111  103
    10.0-180.0 180.0   5.0 450.0                            LAT/LON1/LON2/DLON/H
  110  101   93   88   84   79   74   70   67   65   61   59   56   53   52   51
   51   52   54   54   54   54   57   63   73   84   94  105  118  133  148  163
  178  196  212  229  246  261  274  287  301  316  334  348  356  360  359  357
  355  350  343  334  324  315  309  303  301  298  291  278  260  241  220  203
  186  170  156  146  138  131  123  116  110
     7.5-180.0 180.0   5.0 450.0                            LAT/LON1/LON2/DLON/H
  113  107  101   96   92   87   84   78   76   73   70   66   61   57   53   51
   51   52   53   53   52   51   54   63   75   87   99  113  127  142  158  173
  188  205  219  233  248  262  276  291  305  322  339  352  358  359  356  351
  348  342  335  329  322  316  311  307  303  299  290  273  252  230  210  192
  178  164  150  139  132  126  121  118  113
     5.0-180.0 180.0   5.0 450.0                            LAT/LON1/LON2/DLON/H
  115  112  107  103   99   95   92   86   84   80   77   73   67   62   57   54
   52   53   53   52   51   50   53   63   77   91  106  121  136  151  166  180
  194  210  222  235  249  263  278  293  308  323  336  346  349  348  345  340
  334  331  326  323  319  315  312  308  305  300  287  267  243  218  196  180
  167  154  141  130  124  119  117  117  115
     2.5-180.0 180.0   5.0 450.0                            LAT/LON1/LON2/DLON/H
  118  116  113  110  107  103  100   94   90   86   83   79   72   66   60   56
   54   53   52   52   50   50   54   65   80   97  113  128  143  157  170  182
  196  211  223  236  249  263  278  292  305  317  326  332  334  331  329  324
  321  319  317  316  316  315  312  310  306  300  285  262  235  209  187  170
  158  147  135  124  117  115  115  117  118
