data/7 day dataset/IGS corrections/igsg2990.20i
     1.0            IONOSPHERE MAPS     MIX                 IONEX VERSION / TYPE
cmpcmb v1.2          GRL/UWM            12-nov-20 16:27     PGM / RUN BY / DATE 
ionex file containing IGS COMBINED Ionosphere maps          COMMENT             
global ionosphere maps for day 299, 2020                    DESCRIPTION         
IONEX file containing the COMBINED IGS TEC MAPS and DCBs    DESCRIPTION         
      IONEX files of the following IAACs were combined: cod DESCRIPTION         
                                                        esa DESCRIPTION         
                                                        jpl DESCRIPTION         
                                                        upc DESCRIPTION         
Contact address: Andrzej Krankowski                         DESCRIPTION
                 Geodynamics Research Laboratory            DESCRIPTION
                 University of Warmia and Mazury (GRL/UWM)  DESCRIPTION
                 Oczapowski St. 1                           DESCRIPTION
                 10-957-Olsztyn, POLAND                     DESCRIPTION
                 e-mail:  kand@uwm.edu.pl                   DESCRIPTION
                                                            DESCRIPTION         
  2020    10    25     0     0     0                        EPOCH OF FIRST MAP  
  2020    10    26     0     0     0                        EPOCH OF LAST MAP   
  7200                                                      INTERVAL            
    13                                                      # OF MAPS IN FILE   
  COSZ                                                      MAPPING FUNCTION    
     0.0                                                    ELEVATION CUTOFF    
combined TEC calculated as weighted mean of input TEC valuesOBSERVABLES USED    
   413                                                      # OF STATIONS       
    31                                                      # OF SATELLITES     
  6371.0                                                    BASE RADIUS         
     2                                                      MAP DIMENSION       
   450.0 450.0   0.0                                        HGT1 / HGT2 / DHGT  
    87.5 -87.5  -2.5                                        LAT1 / LAT2 / DLAT  
  -180.0 180.0   5.0                                        LON1 / LON2 / DLON  
    -1                                                      EXPONENT            
TEC values in 0.1 tec units;  9999, if no value available   COMMENT             
DCB values in nanoseconds, reference is Sum_of_SatDCBs = 0  COMMENT             
                                                            END OF HEADER       
[from data line 2574]
     7                                                      START OF TEC MAP    
  2020    10    25    12     0     0                        EPOCH OF CURRENT MAP
    87.5-180.0 180.0   5.0 450.0                            LAT/LON1/LON2/DLON/H
   41   42   42   42   42   42   42   43   43   43   43   43   43   43   44   44
   43   43   43   43   44   44   45   45   45   45   46   46   46   46   46   46
   45   46   46   45   45   45   44   44   44   44   43   43   43   43   43   42
   42   42   42   42   42   41   41   40   40   40   40   40   40   40   40   40
   40   40   40   40   41   41   41   41   41
    85.0-180.0 180.0   5.0 450.0                            LAT/LON1/LON2/DLON/H
   41   41   42   42   42   43   43   43   43   43   43   43   43   44   43   44
   44   45   45   44   44   44   45   45   46   46   47   47   47   47   47   47
   47   46   45   45   44   44   44   43   42   41   41   40   39   39   39   38
   38   38   38   37   37   37   37   36   36   36   36   36   36   36   36   37
   37   38   38   39   39   39   40   40   41
    82.5-180.0 180.0   5.0 450.0                            LAT/LON1/LON2/DLON/H
   39   40   41   42   42   42   42   42   41   41   40   40   40   40   40   40
   41   41   42   43   44   45   44   45   45   46   45   45   46   45   45   45
   45   44   44   44   44   43   42   41   41   40   39   38   37   36   35   34
   34   34   34   34   34   33   34   33   33   32   32   32   32   33   33   33
   34   34   35   36   36   37   38   38   39
    80.0-180.0 180.0   5.0 450.0                            LAT/LON1/LON2/DLON/H
   36   38   38   39   39   39   39   38   38   37   37   36   36   35   36   36
   37   38   39   40   40   41   43   44   45   45   46   46   47   48   49   49
   49   49   47   46   45   44   43   41   40   39   37   36   35   34   33   32
   32   32   32   31   32   32   32   32   31   30   29   30   30   30   30   30
   30   30   31   32   32   34   35   36   36
    77.5-180.0 180.0   5.0 450.0                            LAT/LON1/LON2/DLON/H
   34   36   36   37   37   37   36   36   35   34   33   33   32   32   32   32
   33   34   35   36   37   39   41   43   45   46   47   49   50   51   51   53
   53   54   53   51   49   47   45   43   41   38   36   35   34   33   32   31
   31   31   31   31   31   32   32   31   30   30   29   29   29   28   28   27
   26   26   27   27   29   30   31   33   34
    75.0-180.0 180.0   5.0 450.0                            LAT/LON1/LON2/DLON/H
   32   34   35   35   36   36   35   34   33   32   31   30   29   28   28   29
   30   32   34   36   38   40   41   44   45   47   49   51   53   55   56   58
   58   58   58   57   55   53   50   46   43   40   38   35   33   32   32   32
   32   31   31   32   32   33   33   33   32   31   30   30   29   28   26   24
   23   23   24   24   25   26   29   31   32
    72.5-180.0 180.0   5.0 450.0                            LAT/LON1/LON2/DLON/H
   31   32   34   35   35   35   34   33   32   31   28   27   26   26   25   26
   28   30   34   36   39   43   44   46   48   51   52   55   58   61   63   65
   66   66   66   64   62   60   56   52   48   45   42   39   37   35   34   33
   33   33   32   32   33   33   33   34   33   32   31   30   29   27   25   23
   22   22   21   22   23   25   26   29   31
    70.0-180.0 180.0   5.0 450.0                            LAT/LON1/LON2/DLON/H
   29   31   33   34   34   34   34   33   32   30   28   26   24   23   24   25
   27   31   35   37   41   46   47   48   52   55   58   60   63   67   69   73
   74   74   74   73   71   67   63   59   54   51   47   44   42   40   38   37
   36   35   35   34   33   34   35   34   34   33   32   31   29   27   25   23
   22   21   21   21   22   23   25   27   29
    67.5-180.0 180.0   5.0 450.0                            LAT/LON1/LON2/DLON/H
   28   30   32   33   34   34   34   33   32   30   28   25   24   23   24   26
   28   32   35   40   43   47   50   52   55   59   62   65   68   72   75   79
   82   82   82   81   77   74   69   64   60   56   54   51   49   47   45   43
   41   39   37   37   36   35   35   34   34   33   32   32   30   28   26   24
   23   22   22   21   22   23   25   26   28
    65.0-180.0 180.0   5.0 450.0                            LAT/LON1/LON2/DLON/H
   27   29   30   31   33   33   33   32   31   29   27   26   24   24   25   27
   29   33   36   40   44   47   51   53   56   60   64   68   72   77   80   84
   88   89   87   85   82   78   73   68   65   62   60   59   58   55   54   51
   49   46   43   41   39   37   36   34   33   33   32   32   31   29   28   26
   25   24   23   22   22   24   25   25   27
    62.5-180.0 180.0   5.0 450.0                            LAT/LON1/LON2/DLON/H
   26   26   27   29   30   31   31   31   30   29   28   26   25   25   26   28
   30   32   35   39   43   46   49   52   56   60   65   70   74   80   85   89
   92   93   91   88   84   79   75   71   68   67   66   66   65   64   62   60
   57   53   50   46   42   40   37   35   33   33   32   32   31   30   29   28
   27   26   25   24   24   24   25   25   26
    60.0-180.0 180.0   5.0 450.0                            LAT/LON1/LON2/DLON/H
   25   25   26   26   27   28   29   29   29   28   28   26   25   26   26   28
   29   31   33   36   40   43   46   50   54   59   65   71   76   83   89   93
   96   96   93   89   84   80   76   73   72   72   73   73   74   73   72   68
   65   61   56   52   47   43   39   37   35   35   34   33   33   32   31   31
   30   30   29   28   27   27   26   25   25
    57.5-180.0 180.0   5.0 450.0                            LAT/LON1/LON2/DLON/H
   26   26   26   26   26   26   27   27   27   28   27   27   26   26   26   27
   28   29   30   33   36   39   43   48   53   58   65   72   79   85   91   96
   99   99   96   91   86   81   78   76   77   78   80   81   82   82   80   76
   73   68   63   57   52   49   45   42   40   39   38   38   37   36   36   36
   36   34   33   32   31   30   29   27   26
    55.0-180.0 180.0   5.0 450.0                            LAT/LON1/LON2/DLON/H
   31   29   28   27   27   27   27   27   27   27   28   27   26   25   25   25
   25   26   27   29   33   37   41   47   52   58   66   74   80   88   95  100
  103  103  101   96   90   86   83   83   84   87   89   91   91   91   89   85
   81   76   70   65   61   57   53   51   50   49   47   46   44   43   42   42
   40   39   38   37   36   34   33   32   31
    52.5-180.0 180.0   5.0 450.0                            LAT/LON1/LON2/DLON/H
   36   35   33   32   31   30   30   29   29   29   28   28   26   26   24   24
   24   24   25   28   32   36   42   48   54   61   69   76   84   91   99  104
  108  109  108  103   98   95   93   93   94   97  101  102  102  101   98   95
   91   86   81   77   73   70   67   65   64   62   59   57   55   52   50   48
   46   44   43   42   41   40   39   38   36
    50.0-180.0 180.0   5.0 450.0                            LAT/LON1/LON2/DLON/H
   44   42   40   38   37   36   35   34   33   32   31   30   29   27   25   24
   23   24   26   28   34   40   46   53   59   66   74   82   89   97  104  110
  114  117  116  114  110  107  106  106  107  110  113  115  113  111  108  105
  101   98   94   90   87   85   83   81   79   77   73   69   66   62   58   55
   52   50   49   48   47   46   45   45   44
    47.5-180.0 180.0   5.0 450.0                            LAT/LON1/LON2/DLON/H
   50   50   48   46   45   43   41   40   40   38   37   35   33   31   28   27
   25   26   28   33   38   45   53   60   66   74   82   89   96  103  109  115
  120  125  127  126  124  123  121  122  122  125  126  127  125  121  119  116
  112  109  106  103  101   98   96   94   92   90   85   80   75   71   66   63
   59   56   54   52   51   51   51   50   50
    45.0-180.0 180.0   5.0 450.0                            LAT/LON1/LON2/DLON/H
   55   56   56   54   52   49   48   47   46   45   43   42   40   37   34   31
   30   31   34   39   46   54   62   69   77   84   90   97  103  108  114  120
  125  131  136  138  139  137  137  137  137  138  138  138  135  132  129  126
  124  121  118  115  111  108  104  102  100   97   93   87   83   78   73   68
   65   62   58   57   55   54   55   55   55
    42.5-180.0 180.0   5.0 450.0                            LAT/LON1/LON2/DLON/H
   59   60   60   59   57   55   54   53   52   51   51   49   47   44   41   38
   37   38   41   47   55   63   72   80   87   93   99  105  109  114  118  124
  131  139  145  149  151  150  151  150  149  149  149  147  144  141  138  136
  135  133  128  124  118  112  108  105  102   99   95   91   87   82   77   72
   68   64   61   59   58   58   58   58   59
    40.0-180.0 180.0   5.0 450.0                            LAT/LON1/LON2/DLON/H
   59   60   60   61   60   58   57   57   57   57   57   56   53   51   48   46
   44   45   47   54   62   72   81   89   96  101  107  111  115  118  122  128
  136  145  153  158  161  160  161  160  159  159  158  156  153  150  147  146
  144  141  136  129  120  113  107  103  100   97   94   90   86   82   78   73
   68   64   61   59   58   58   58   58   59
    37.5-180.0 180.0   5.0 450.0                            LAT/LON1/LON2/DLON/H
   56   57   58   59   59   59   58   59   59   60   61   61   60   58   55   53
   51   51   53   60   69   79   87   95  102  108  112  116  118  121  126  132
  141  151  160  166  168  168  168  168  168  168  167  166  162  159  156  154
  152  147  140  131  121  111  104  100   96   94   90   87   83   80   76   72
   67   63   60   58   57   56   56   56   56
    35.0-180.0 180.0   5.0 450.0                            LAT/LON1/LON2/DLON/H
   51   51   53   54   56   56   56   57   59   61   63   64   64   63   61   59
   56   56   58   65   74   83   92  100  107  112  116  119  122  125  130  137
  147  158  167  173  175  175  175  175  176  177  176  175  171  167  164  162
  159  153  145  134  121  111  103   98   94   92   89   85   81   78   75   71
   66   62   59   57   54   53   52   51   51
    32.5-180.0 180.0   5.0 450.0                            LAT/LON1/LON2/DLON/H
   45   45   46   48   50   50   50   52   55   60   63   65   66   66   65   63
   60   59   61   67   76   87   96  103  109  115  118  120  123  128  135  144
  156  167  176  180  182  182  182  183  184  186  187  186  183  177  175  173
  169  162  153  141  128  116  107  101   97   94   91   86   82   79   75   71
   66   61   58   55   53   50   48   46   45
    30.0-180.0 180.0   5.0 450.0                            LAT/LON1/LON2/DLON/H
   41   39   40   42   43   44   45   47   51   56   60   64   66   67   67   65
   62   61   63   69   78   89   97  104  111  115  118  120  125  133  143  156
  169  181  188  191  191  192  192  193  194  196  198  199  196  190  188  185
  182  175  166  155  141  129  119  113  107  102   98   94   89   84   79   74
   68   63   59   56   53   50   47   43   41
    27.5-180.0 180.0   5.0 450.0                            LAT/LON1/LON2/DLON/H
   41   37   36   37   38   39   41   42   46   52   56   61   64   65   65   64
   62   62   65   71   80   90   98  105  110  114  117  121  128  140  154  171
  187  197  202  204  204  204  205  205  206  209  213  214  211  207  204  202
  199  194  185  175  161  150  139  132  125  119  113  107  101   95   88   80
   74   68   63   60   56   53   49   45   41
    25.0-180.0 180.0   5.0 450.0                            LAT/LON1/LON2/DLON/H
   45   40   38   37   37   38   39   40   43   47   52   56   60   61   63   61
   61   61   66   74   83   92  100  106  110  114  117  122  132  149  169  189
  207  217  220  220  221  222  222  221  222  227  231  234  232  229  227  224
  222  217  210  203  190  180  167  160  151  143  135  128  119  111  101   92
   84   77   72   67   64   60   57   50   45
    22.5-180.0 180.0   5.0 450.0                            LAT/LON1/LON2/DLON/H
   55   48   44   42   40   40   39   39   40   43   48   52   55   57   58   58
   58   61   68   77   87   95  102  108  112  116  119  126  139  160  186  211
  230  240  240  239  240  243  240  239  242  246  252  256  256  255  254  252
  249  246  241  236  225  214  201  193  182  171  162  152  142  131  118  108
   97   90   84   79   74   72   68   61   55
    20.0-180.0 180.0   5.0 450.0                            LAT/LON1/LON2/DLON/H
   69   60   54   50   47   45   43   41   40   42   46   49   51   52   53   54
   56   61   69   80   91   99  105  111  115  119  124  133  150  175  205  231
  255  263  265  257  258  262  259  259  261  266  275  282  285  283  282  281
  279  278  275  271  263  250  236  227  213  201  189  178  166  154  139  125
  115  106   99   93   89   85   82   75   69
    17.5-180.0 180.0   5.0 450.0                            LAT/LON1/LON2/DLON/H
   85   75   65   59   55   52   48   45   42   42   45   47   48   49   49   51
   54   61   71   84   95  102  108  114  119  125  131  143  163  191  224  252
  275  285  285  272  272  278  281  283  282  288  299  308  312  311  309  309
  307  308  304  301  293  280  268  255  240  226  213  201  189  174  159  144
  133  122  116  109  104  101   97   92   85
    15.0-180.0 180.0   5.0 450.0                            LAT/LON1/LON2/DLON/H
  100   90   77   68   63   59   55   49   45   44   45   46   47   47   46   48
   53   62   74   87   97  105  111  118  124  132  141  157  179  208  241  268
  288  300  296  284  284  293  300  303  307  312  323  331  337  336  334  333
  332  331  327  321  313  301  287  271  256  242  229  216  203  188  174  160
  146  136  130  123  118  115  112  107  100
    12.5-180.0 180.0   5.0 450.0                            LAT/LON1/LON2/DLON/H
  112  100   87   74   69   65   60   54   49   46   46   46   47   46   45   47
   52   63   76   89   99  107  113  121  130  140  152  170  196  223  253  276
  291  298  294  290  296  306  315  321  327  333  342  350  355  355  353  351
  350  345  339  332  323  310  293  274  259  247  236  224  209  195  181  168
  156  146  138  132  128  126  123  118  112
    10.0-180.0 180.0   5.0 450.0                            LAT/LON1/LON2/DLON/H
  119  106   92   79   72   69   64   58   52   49   47   47   47   47   46   46
   51   62   76   90  100  108  115  125  137  150  165  185  210  236  260  277
  287  291  292  295  306  318  328  335  341  347  354  360  364  365  363  362
  358  352  345  337  325  310  289  270  256  245  235  224  209  194  183  170
  159  149  142  137  134  132  130  125  119
     7.5-180.0 180.0   5.0 450.0                            LAT/LON1/LON2/DLON/H
  121  108   94   83   75   71   66   60   54   51   49   49   49   48   46   47
   52   63   77   90  100  109  118  130  145  161  178  198  222  245  262  274
  282  288  292  300  314  326  336  343  348  353  358  362  365  367  367  365
  360  354  346  336  323  305  284  266  252  241  231  220  205  191  181  170
  159  150  142  137  135  134  132  127  121
     5.0-180.0 180.0   5.0 450.0                            LAT/LON1/LON2/DLON/H
  120  109   95   83   76   72   67   62   56   53   51   50   50   49   47   48
   54   64   77   90  101  110  121  135  153  173  190  209  229  250  262  271
  278  285  293  306  319  331  339  344  348  351  354  357  360  362  364  363
  360  353  346  336  322  303  282  264  248  238  229  217  202  189  178  169
  159  148  139  134  133  132  130  126  120
     2.5-180.0 180.0   5.0 450.0                            LAT/LON1/LON2/DLON/H
  117  107   95   84   77   73   68   63   58   54   52   52   50   49   48   49
   54   65   78   91  102  112  125  142  163  183  201  217  234  249  260  267
  274  283  294  309  323  333  338  342  344  345  346  347  350  355  359  361
  360  354  346  337  321  302  282  263  247  236  227  216  202  187  177  167
  156  144  134  129  127  127  126  122  117
