data/7 day dataset/IGS corrections/igsg3000.20i
     1.0            IONOSPHERE MAPS     MIX                 IONEX VERSION / TYPE
cmpcmb v1.2          GRL/UWM            12-nov-20 16:33     PGM / RUN BY / DATE 
ionex file containing IGS COMBINED Ionosphere maps          COMMENT             
global ionosphere maps for day 300, 2020                    DESCRIPTION         
IONEX file containing the COMBINED IGS TEC MAPS and DCBs    DESCRIPTION         
      IONEX files of the following IAACs were combined: cod DESCRIPTION         
                                                        esa DESCRIPTION         
                                                        jpl DESCRIPTION         
                                                        upc DESCRIPTION         
Contact address: Andrzej Krankowski                         DESCRIPTION
                 Geodynamics Research Laboratory            DESCRIPTION
                 University of Warmia and Mazury (GRL/UWM)  DESCRIPTION
                 Oczapowski St. 1                           DESCRIPTION
                 10-957-Olsztyn, POLAND                     DESCRIPTION
                 e-mail:  kand@uwm.edu.pl                   DESCRIPTION
                                                            DESCRIPTION         
  2020    10    26     0     0     0                        EPOCH OF FIRST MAP  
  2020    10    27     0     0     0                        EPOCH OF LAST MAP   
  7200                                                      INTERVAL            
    13                                                      # OF MAPS IN FILE   
  COSZ                                                      MAPPING FUNCTION    
     0.0                                                    ELEVATION CUTOFF    
combined TEC calculated as weighted mean of input TEC valuesOBSERVABLES USED    
   417                                                      # OF STATIONS       
    31                                                      # OF SATELLITES     
  6371.0                                                    BASE RADIUS         
     2                                                      MAP DIMENSION       
   450.0 450.0   0.0                                        HGT1 / HGT2 / DHGT  
    87.5 -87.5  -2.5                                        LAT1 / LAT2 / DLAT  
  -180.0 180.0   5.0                                        LON1 / LON2 / DLON  
    -1                                                      EXPONENT            
TEC values in 0.1 tec units;  9999, if no value available   COMMENT             
DCB values in nanoseconds, reference is Sum_of_SatDCBs = 0  COMMENT             
                                                            END OF HEADER       
[from data line 3432]
     9                                                      START OF TEC MAP    
  2020    10    26    16     0     0                        EPOCH OF CURRENT MAP
    87.5-180.0 180.0   5.0 450.0                            LAT/LON1/LON2/DLON/H
   38   38   39   39   39   39   39   40   40   40   40   40   41   41   41   41
   41   41   41   41   41   41   40   40   40   40   39   39   39   38   38   38
   37   37   37   37   37   37   37   36   36   36   36   36   35   35   35   35
   35   35   35   35   35   35   35   35   35   34   35   35   35   35   36   36
   36   36   37   37   37   38   38   38   38
    85.0-180.0 180.0   5.0 450.0                            LAT/LON1/LON2/DLON/H
   40   40   40   41   41   41   41   41   42   43   43   43   44   44   44   44
   44   45   45   45   45   45   44   44   43   42   42   41   41   41   40   39
   39   38   38   37   37   36   36   35   35   35   35   35   35   34   34   34
   33   33   33   33   33   33   33   33   33   33   33   34   34   34   35   35
   36   36   37   38   38   38   39   39   40
    82.5-180.0 180.0   5.0 450.0                            LAT/LON1/LON2/DLON/H
   38   38   39   39   39   40   40   41   42   42   43   44   45   46   47   48
   49   49   49   50   50   50   49   47   47   47   47   46   45   44   43   42
   42   40   40   39   38   37   36   35   34   34   33   33   32   32   32   32
   31   31   31   31   31   31   31   30   31   31   31   32   32   33   33   34
   35   35   36   37   37   38   38   38   38
    80.0-180.0 180.0   5.0 450.0                            LAT/LON1/LON2/DLON/H
   36   36   36   37   38   39   39   40   41   42   43   45   46   47   49   50
   51   52   53   53   54   54   53   52   51   51   49   48   47   45   44   43
   42   41   40   39   38   37   36   35   33   32   31   31   30   29   28   28
   28   28   29   29   29   29   29   29   29   30   30   31   31   32   32   33
   33   34   34   35   35   36   36   36   36
    77.5-180.0 180.0   5.0 450.0                            LAT/LON1/LON2/DLON/H
   33   33   35   36   36   37   37   38   39   41   43   45   47   49   51   53
   55   56   57   57   58   58   60   59   56   54   53   51   49   48   46   44
   43   41   40   38   37   36   34   33   31   30   29   27   27   26   25   25
   25   26   26   27   27   28   28   28   29   29   29   29   29   31   31   31
   31   32   32   32   33   33   33   33   33
    75.0-180.0 180.0   5.0 450.0                            LAT/LON1/LON2/DLON/H
   31   32   33   34   34   34   35   37   38   40   42   44   47   49   53   56
   58   60   62   63   65   67   67   66   63   60   57   54   51   49   47   44
   43   41   39   38   36   34   32   31   29   27   26   24   23   22   22   22
   22   23   25   25   26   27   28   28   28   28   28   29   29   30   30   30
   30   29   30   30   31   31   31   31   31
    72.5-180.0 180.0   5.0 450.0                            LAT/LON1/LON2/DLON/H
   29   30   31   31   32   33   34   35   36   38   40   43   45   50   54   58
   59   62   66   70   72   73   74   73   71   67   63   59   55   52   48   45
   43   41   39   37   35   33   31   28   26   24   23   21   20   19   19   19
   20   22   23   24   25   26   27   28   28   28   28   28   28   29   29   28
   28   28   28   28   29   29   29   29   29
    70.0-180.0 180.0   5.0 450.0                            LAT/LON1/LON2/DLON/H
   27   27   28   28   29   30   30   31   32   35   37   40   44   48   53   56
   60   65   70   75   79   80   82   82   79   76   71   66   62   56   52   48
   45   42   40   39   36   34   31   28   25   23   20   19   17   17   17   18
   19   20   22   23   25   26   27   28   28   28   28   28   27   27   28   27
   28   27   27   27   27   27   27   27   27
    67.5-180.0 180.0   5.0 450.0                            LAT/LON1/LON2/DLON/H
   25   25   26   27   27   27   27   28   29   31   34   37   42   46   51   56
   61   67   73   80   84   87   90   90   88   85   80   75   69   61   56   52
   49   46   43   41   38   36   33   30   26   23   21   18   17   17   16   17
   18   20   22   23   25   26   27   28   28   28   27   27   27   26   27   27
   27   27   26   26   25   24   25   25   25
    65.0-180.0 180.0   5.0 450.0                            LAT/LON1/LON2/DLON/H
   24   25   25   26   25   25   25   25   26   28   32   36   40   45   50   55
   61   68   75   82   88   93   97   98   97   94   89   84   76   68   62   58
   54   51   48   44   42   39   36   32   29   26   23   21   19   18   18   19
   20   21   23   24   25   26   26   27   27   27   26   27   26   26   26   27
   27   26   25   25   24   23   23   24   24
    62.5-180.0 180.0   5.0 450.0                            LAT/LON1/LON2/DLON/H
   24   25   25   26   25   24   23   23   25   27   31   36   40   45   50   55
   62   69   76   83   90   97  101  104  104  102   97   92   84   77   71   66
   62   58   53   50   47   43   40   37   34   31   28   26   24   23   22   22
   23   24   25   26   26   26   26   26   26   26   27   27   27   26   26   27
   27   26   25   25   24   23   23   24   24
    60.0-180.0 180.0   5.0 450.0                            LAT/LON1/LON2/DLON/H
   26   27   27   27   26   25   24   23   25   28   32   37   42   46   51   56
   62   69   77   84   92   99  105  108  109  108  104   99   93   86   79   74
   69   66   62   57   54   50   46   43   41   38   35   33   31   29   28   28
   28   28   28   28   28   27   27   27   26   26   27   27   27   27   27   28
   28   28   27   26   26   25   24   24   26
    57.5-180.0 180.0   5.0 450.0                            LAT/LON1/LON2/DLON/H
   30   31   30   30   29   26   26   25   27   31   35   40   45   48   53   58
   64   70   78   86   94  101  107  111  113  112  109  105  100   94   88   83
   79   75   71   66   61   58   55   52   49   47   45   42   39   38   36   35
   34   33   33   32   31   30   29   29   29   29   29   29   30   30   30   30
   31   31   31   30   29   28   29   29   30
    55.0-180.0 180.0   5.0 450.0                            LAT/LON1/LON2/DLON/H
   35   36   35   35   33   30   29   30   32   35   40   45   49   53   56   61
   67   73   81   89   96  104  110  114  116  116  114  111  107  102   98   94
   90   86   81   76   72   68   65   62   59   57   55   53   50   48   45   43
   41   40   38   36   35   35   34   34   34   34   34   34   33   34   34   34
   35   36   35   34   34   34   34   34   35
    52.5-180.0 180.0   5.0 450.0                            LAT/LON1/LON2/DLON/H
   42   42   42   40   39   36   34   35   38   42   47   51   55   57   61   66
   71   77   85   93  100  107  113  117  118  120  119  117  115  112  109  106
  102   98   93   88   82   79   76   74   71   69   67   63   61   58   54   52
   50   48   46   43   43   42   41   41   41   41   41   41   41   41   40   40
   40   40   40   39   40   40   41   41   42
    50.0-180.0 180.0   5.0 450.0                            LAT/LON1/LON2/DLON/H
   47   48   47   47   45   42   41   43   47   51   54   58   61   63   66   71
   76   83   90   98  105  112  117  121  123  124  124  123  123  122  119  117
  113  110  106  100   95   91   88   85   83   81   78   74   71   68   65   62
   59   57   55   53   51   50   50   50   49   49   49   49   49   48   47   47
   47   46   46   45   46   47   47   47   47
    47.5-180.0 180.0   5.0 450.0                            LAT/LON1/LON2/DLON/H
   52   52   52   51   50   48   48   50   55   60   63   66   68   69   72   78
   83   90   97  104  111  117  122  126  128  130  130  130  130  130  129  128
  125  122  117  112  109  106  102   98   95   91   87   83   80   76   73   71
   68   66   64   62   61   60   59   58   57   57   57   58   56   55   54   54
   53   53   52   51   51   51   51   51   52
    45.0-180.0 180.0   5.0 450.0                            LAT/LON1/LON2/DLON/H
   54   54   55   55   54   52   54   57   63   68   72   75   76   76   79   84
   90   97  104  111  117  124  129  133  135  136  137  137  136  136  136  136
  135  133  129  125  122  119  116  112  106  101   95   90   86   83   80   78
   76   74   72   71   71   69   68   67   66   65   65   64   64   62   60   59
   58   58   57   56   55   54   54   54   54
    42.5-180.0 180.0   5.0 450.0                            LAT/LON1/LON2/DLON/H
   55   56   56   56   55   55   57   62   69   76   82   84   85   86   88   93
   99  105  110  117  123  131  136  141  144  145  144  144  142  141  142  142
  143  142  139  136  134  132  129  124  117  109  101   95   91   88   86   84
   82   80   79   78   77   76   74   72   71   71   70   69   68   65   64   62
   61   61   60   59   57   56   55   55   55
    40.0-180.0 180.0   5.0 450.0                            LAT/LON1/LON2/DLON/H
   53   54   55   55   54   54   58   65   74   83   90   94   95   96   98  103
  108  113  117  123  129  137  143  149  152  152  151  149  147  146  146  148
  150  150  149  147  146  144  141  134  125  115  106   99   94   91   88   87
   85   84   82   82   81   79   77   76   74   73   72   71   70   67   66   64
   62   61   59   58   57   56   54   54   53
    37.5-180.0 180.0   5.0 450.0                            LAT/LON1/LON2/DLON/H
   51   51   52   53   52   53   57   66   78   89   98  103  106  108  110  114
  117  121  125  130  136  142  149  155  158  158  156  154  151  150  151  154
  157  160  159  158  157  156  151  143  132  122  111  102   95   91   88   86
   85   83   82   82   82   81   78   77   75   73   72   70   69   67   66   65
   63   60   58   57   55   54   52   51   51
    35.0-180.0 180.0   5.0 450.0                            LAT/LON1/LON2/DLON/H
   46   47   48   48   48   50   55   65   79   94  106  114  119  121  123  125
  128  130  133  138  142  148  153  158  161  161  161  160  157  155  157  161
  166  170  171  170  169  166  161  152  140  127  114  104   96   91   87   85
   82   80   80   80   80   80   78   77   74   71   69   68   67   67   66   65
   63   60   57   55   54   51   49   47   46
    32.5-180.0 180.0   5.0 450.0                            LAT/LON1/LON2/DLON/H
   43   42   43   43   44   45   51   63   79   97  112  124  131  135  137  139
  141  141  142  146  149  153  156  158  160  161  164  165  163  163  167  174
  180  184  185  185  181  177  171  161  148  133  118  106   98   92   87   83
   80   78   79   79   80   79   78   76   73   69   67   66   66   66   67   66
   64   61   57   55   53   50   47   44   43
    30.0-180.0 180.0   5.0 450.0                            LAT/LON1/LON2/DLON/H
   40   39   39   39   39   41   47   60   79   98  116  131  141  147  150  153
  155  154  153  155  156  158  158  157  158  161  167  171  172  175  181  190
  197  202  203  200  194  188  181  170  156  141  125  114  104   95   88   84
   81   80   80   81   81   81   80   77   73   69   67   66   66   68   68   68
   67   64   61   58   55   51   46   42   40
    27.5-180.0 180.0   5.0 450.0                            LAT/LON1/LON2/DLON/H
   39   38   36   35   35   37   43   57   76   98  118  136  149  159  163  167
  170  168  167  167  165  163  161  158  160  165  172  180  185  193  202  210
  219  224  225  220  210  203  193  181  167  152  136  125  115  102   94   89
   87   86   85   86   86   86   84   81   77   73   70   69   70   71   73   73
   72   70   66   63   59   53   47   42   39
    25.0-180.0 180.0   5.0 450.0                            LAT/LON1/LON2/DLON/H
   38   37   35   34   33   34   42   55   74   95  118  139  154  168  175  181
  184  184  182  180  176  171  167  165  167  175  185  196  206  217  228  235
  245  250  248  243  230  219  209  196  182  166  154  143  131  114  105  102
  100   98   98   98   98   97   94   89   83   80   78   77   78   79   80   81
   79   77   73   69   64   58   50   43   38
    22.5-180.0 180.0   5.0 450.0                            LAT/LON1/LON2/DLON/H
   38   36   35   33   33   35   42   56   74   95  118  140  160  176  187  196
  199  200  199  195  189  183  177  176  181  191  204  217  232  243  254  262
  273  276  272  266  254  239  228  214  199  185  175  166  152  133  124  122
  120  119  118  118  116  112  108  101   95   92   91   89   91   90   90   89
   87   83   81   77   71   64   54   44   38
    20.0-180.0 180.0   5.0 450.0                            LAT/LON1/LON2/DLON/H
   39   36   35   34   34   38   46   61   77   97  119  142  164  185  199  209
  212  214  213  211  205  198  194  194  202  215  229  244  255  269  279  288
  300  304  297  288  274  258  244  230  216  205  198  190  176  160  151  145
  147  146  144  143  139  132  125  116  109  105  106  105  106  103  101   99
   95   91   88   83   78   70   58   47   39
    17.5-180.0 180.0   5.0 450.0                            LAT/LON1/LON2/DLON/H
   43   39   37   35   36   41   51   66   83  102  122  145  169  193  210  221
  225  227  228  227  222  218  216  218  229  244  258  272  282  293  306  315
  323  327  319  307  292  275  260  246  234  226  219  211  198  185  177  173
  173  175  172  169  161  152  141  131  123  119  119  119  119  115  112  107
  102   96   92   88   82   74   63   51   43
    15.0-180.0 180.0   5.0 450.0                            LAT/LON1/LON2/DLON/H
   49   44   39   37   38   44   55   71   89  108  128  150  175  202  219  230
  236  241  242  242  240  239  240  246  259  275  289  300  307  315  326  335
  340  341  335  323  307  292  277  264  252  244  237  229  216  205  198  196
  197  200  197  189  179  167  154  143  134  130  129  129  129  125  119  113
  105   99   93   89   84   77   65   57   49
    12.5-180.0 180.0   5.0 450.0                            LAT/LON1/LON2/DLON/H
   53   47   43   40   41   47   59   77   96  115  134  157  182  208  226  238
  247  252  255  257  259  261  266  275  290  305  317  324  328  334  341  348
  351  351  345  335  321  307  294  281  269  261  254  244  231  219  211  211
  214  214  211  200  189  176  162  149  140  136  135  135  134  129  121  113
  105   98   92   87   83   77   69   60   53
    10.0-180.0 180.0   5.0 450.0                            LAT/LON1/LON2/DLON/H
   58   52   47   43   44   50   64   83  104  124  143  166  191  215  232  244
  254  261  266  272  277  283  291  302  316  329  338  342  341  343  347  353
  357  358  352  344  334  323  311  298  286  277  268  256  240  225  216  214
  217  216  211  201  190  178  164  149  140  136  134  135  133  126  119  109
  101   93   87   82   78   75   70   63   58
     7.5-180.0 180.0   5.0 450.0                            LAT/LON1/LON2/DLON/H
   60   55   51   47   46   52   68   89  111  132  153  175  198  221  238  249
  259  267  274  282  292  302  313  324  336  346  351  351  347  345  349  356
  361  362  359  353  347  338  327  313  301  290  277  261  241  223  212  209
  209  209  203  197  187  174  160  146  138  132  129  128  125  119  113  104
   96   88   82   76   72   71   68   64   60
     5.0-180.0 180.0   5.0 450.0                            LAT/LON1/LON2/DLON/H
   61   57   53   50   50   56   72   94  117  139  161  183  206  227  243  254
  263  271  280  291  304  319  332  341  349  356  358  355  350  347  351  358
  364  367  367  364  360  351  340  326  312  297  281  260  237  215  204  201
  201  199  195  190  181  168  154  141  134  128  123  118  115  111  105   99
   92   85   78   72   68   67   66   63   61
     2.5-180.0 180.0   5.0 450.0                            LAT/LON1/LON2/DLON/H
   61   58   55   52   54   61   76   98  122  145  167  189  211  232  246  257
  266  275  285  299  314  330  345  353  357  360  359  356  351  351  355  361
  369  374  376  375  371  361  349  333  317  300  280  258  232  211  199  194
  193  192  189  184  174  161  147  137  129  123  116  111  107  103  100   96
   89   83   76   71   67   65   64   62   61
