data/7 day dataset/IGS corrections/igsg3020.20i
     1.0            IONOSPHERE MAPS     MIX                 IONEX VERSION / TYPE
cmpcmb v1.2          GRL/UWM            12-nov-20 16:43     PGM / RUN BY / DATE 
ionex file containing IGS COMBINED Ionosphere maps          COMMENT             
global ionosphere maps for day 302, 2020                    DESCRIPTION         
IONEX file containing the COMBINED IGS TEC MAPS and DCBs    DESCRIPTION         
      IONEX files of the following IAACs were combined: cod DESCRIPTION         
                                                        esa DESCRIPTION         
                                                        jpl DESCRIPTION         
                                                        upc DESCRIPTION         
Contact address: Andrzej Krankowski                         DESCRIPTION
                 Geodynamics Research Laboratory            DESCRIPTION
                 University of Warmia and Mazury (GRL/UWM)  DESCRIPTION
                 Oczapowski St. 1                           DESCRIPTION
                 10-957-Olsztyn, POLAND                     DESCRIPTION
                 e-mail:  kand@uwm.edu.pl                   DESCRIPTION
                                                            DESCRIPTION         
  2020    10    28     0     0     0                        EPOCH OF FIRST MAP  
  2020    10    29     0     0     0                        EPOCH OF LAST MAP   
  7200                                                      INTERVAL            
    13                                                      # OF MAPS IN FILE   
  COSZ                                                      MAPPING FUNCTION    
     0.0                                                    ELEVATION CUTOFF    
combined TEC calculated as weighted mean of input TEC valuesOBSERVABLES USED    
   428                                                      # OF STATIONS       
    31                                                      # OF SATELLITES     
  6371.0                                                    BASE RADIUS         
     2                                                      MAP DIMENSION       
   450.0 450.0   0.0                                        HGT1 / HGT2 / DHGT  
    87.5 -87.5  -2.5                                        LAT1 / LAT2 / DLAT  
  -180.0 180.0   5.0                                        LON1 / LON2 / DLON  
    -1                                                      EXPONENT            
TEC values in 0.1 tec units;  9999, if no value available   COMMENT             
DCB values in nanoseconds, reference is Sum_of_SatDCBs = 0  COMMENT             
                                                            END OF HEADER       
[from data line 3003]
     8                                                      START OF TEC MAP    
  2020    10    28    14     0     0                        EPOCH OF CURRENT MAP
    87.5-180.0 180.0   5.0 450.0                            LAT/LON1/LON2/DLON/H
   47   47   47   47   48   48   48   48   49   49   49   49   49   49   49   50
   50   50   50   50   50   50   50   50   50   50   50   49   49   49   48   48
   48   48   48   48   47   47   47   47   47   46   46   46   46   46   46   45
   45   45   45   45   44   45   44   44   44   44   45   44   45   45   45   45
   45   46   46   46   46   46   47   47   47
    85.0-180.0 180.0   5.0 450.0                            LAT/LON1/LON2/DLON/H
   44   44   45   45   45   45   46   46   46   46   47   47   47   48   48   48
   49   49   50   51   51   51   52   53   52   52   51   51   50   50   50   50
   49   50   49   49   49   48   48   47   47   46   45   45   44   44   44   44
   44   44   44   44   43   43   43   42   42   42   42   42   42   42   42   42
   42   43   43   43   43   44   44   44   44
    82.5-180.0 180.0   5.0 450.0                            LAT/LON1/LON2/DLON/H
   39   39   39   39   39   39   40   40   41   42   43   44   45   46   47   47
   49   49   49   49   50   51   54   54   54   54   55   53   52   51   50   49
   48   47   46   46   45   45   45   45   44   44   43   43   42   42   42   42
   42   42   42   43   43   43   43   42   40   40   39   39   39   39   39   39
   39   39   39   39   40   40   39   40   39
    80.0-180.0 180.0   5.0 450.0                            LAT/LON1/LON2/DLON/H
   34   34   34   34   35   35   36   37   38   39   40   42   43   44   45   46
   46   47   48   48   47   50   54   56   55   56   56   55   55   53   53   51
   49   48   46   45   43   41   40   39   38   37   37   37   37   38   38   38
   38   39   39   41   41   41   41   41   40   39   39   38   38   38   38   37
   37   37   36   36   36   35   35   34   34
    77.5-180.0 180.0   5.0 450.0                            LAT/LON1/LON2/DLON/H
   31   31   32   32   33   33   34   34   35   35   36   37   38   41   43   45
   47   49   50   53   56   59   58   60   64   61   59   58   57   56   54   53
   51   49   47   44   42   41   38   36   35   33   32   32   31   31   31   32
   33   34   34   36   37   38   38   39   39   39   38   37   37   37   36   36
   35   35   34   34   33   32   32   32   31
    75.0-180.0 180.0   5.0 450.0                            LAT/LON1/LON2/DLON/H
   30   30   30   31   32   32   32   31   31   31   33   35   36   37   40   43
   46   50   54   59   59   61   62   64   65   66   66   65   62   60   59   57
   55   53   50   47   44   41   39   37   34   32   31   29   28   27   27   28
   28   29   30   32   34   35   36   37   38   38   38   38   37   37   35   35
   34   34   33   32   31   31   31   30   30
    72.5-180.0 180.0   5.0 450.0                            LAT/LON1/LON2/DLON/H
   30   30   30   31   32   31   31   30   30   31   31   32   33   35   38   42
   44   49   56   58   61   65   68   72   72   74   74   73   72   70   67   65
   62   59   56   53   49   46   42   39   35   33   30   28   27   26   25   25
   25   27   27   29   31   33   35   35   37   37   38   37   37   36   35   34
   33   33   32   30   30   30   29   30   30
    70.0-180.0 180.0   5.0 450.0                            LAT/LON1/LON2/DLON/H
   30   31   32   32   32   32   31   30   30   30   30   31   32   34   36   38
   42   48   55   58   64   69   75   79   82   84   86   85   84   82   80   78
   73   69   65   61   57   53   49   44   39   35   32   29   27   26   25   24
   25   26   27   28   30   32   34   35   36   37   37   37   36   35   34   33
   32   31   31   30   29   29   29   30   30
    67.5-180.0 180.0   5.0 450.0                            LAT/LON1/LON2/DLON/H
   31   32   33   33   33   33   32   31   30   29   29   29   31   32   33   36
   41   48   54   59   65   73   81   87   94   98   98   99   97   95   95   91
   86   82   76   71   66   62   56   51   45   40   36   32   30   28   27   26
   25   26   27   28   29   31   33   34   34   35   35   34   34   32   31   31
   30   29   29   29   28   28   29   30   31
    65.0-180.0 180.0   5.0 450.0                            LAT/LON1/LON2/DLON/H
   31   32   33   34   33   33   32   31   30   29   28   29   29   30   32   36
   41   48   53   59   66   75   85   94  102  108  110  112  109  108  108  105
  101   95   90   83   78   71   65   58   52   47   43   39   35   33   31   29
   28   27   27   27   28   29   31   31   31   31   31   31   30   29   28   28
   29   28   28   27   27   27   28   29   31
    62.5-180.0 180.0   5.0 450.0                            LAT/LON1/LON2/DLON/H
   30   31   32   33   33   32   31   30   29   28   27   27   28   29   32   36
   41   46   52   59   67   75   85   95  104  112  115  119  118  119  118  116
  112  106   99   94   87   80   72   65   60   54   50   46   42   39   37   34
   31   29   28   27   27   27   28   28   27   27   27   27   26   26   26   27
   27   27   27   27   27   26   28   29   30
    60.0-180.0 180.0   5.0 450.0                            LAT/LON1/LON2/DLON/H
   30   31   31   32   32   31   30   29   28   27   26   26   26   28   31   36
   40   46   52   60   68   75   85   94  102  111  117  122  123  125  125  123
  119  114  108  102   96   88   81   74   67   62   57   54   51   47   44   39
   36   32   30   28   27   26   26   26   26   25   25   25   25   25   26   26
   26   27   28   28   28   28   28   30   30
    57.5-180.0 180.0   5.0 450.0                            LAT/LON1/LON2/DLON/H
   31   31   31   31   31   31   30   29   27   26   25   25   25   28   31   36
   41   47   53   60   67   74   83   91  100  109  117  123  126  129  130  128
  125  121  114  109  103   95   88   82   76   70   66   63   58   55   50   46
   41   37   33   30   29   28   27   26   26   25   25   25   26   27   28   29
   29   30   30   31   31   30   31   31   31
    55.0-180.0 180.0   5.0 450.0                            LAT/LON1/LON2/DLON/H
   34   33   33   32   32   31   31   30   28   26   25   24   25   27   32   37
   42   50   55   61   67   73   81   88   97  107  116  122  127  131  133  132
  129  126  120  114  108  103   96   90   85   80   76   72   67   63   57   52
   46   41   38   34   33   31   31   31   30   29   28   29   30   31   32   33
   33   34   35   35   35   35   35   34   34
    52.5-180.0 180.0   5.0 450.0                            LAT/LON1/LON2/DLON/H
   38   37   36   35   34   34   33   32   30   28   26   25   26   29   33   39
   46   53   59   64   69   74   80   87   95  105  114  122  128  133  136  135
  133  130  125  119  114  110  105  100   94   90   86   82   77   72   65   59
   53   47   43   41   39   38   37   37   37   36   35   35   36   37   37   39
   40   41   41   42   42   42   41   40   38
    50.0-180.0 180.0   5.0 450.0                            LAT/LON1/LON2/DLON/H
   44   42   40   39   39   39   38   36   34   31   29   27   28   30   35   43
   50   58   64   69   73   76   81   87   96  106  115  123  130  136  139  139
  136  132  128  124  120  117  113  109  105  101   97   92   87   80   73   66
   59   54   50   48   46   46   46   45   46   45   44   43   44   44   44   45
   46   47   48   50   49   49   48   46   44
    47.5-180.0 180.0   5.0 450.0                            LAT/LON1/LON2/DLON/H
   51   48   46   45   45   44   43   41   38   36   33   31   32   34   40   47
   56   63   70   75   78   81   85   91   99  107  117  125  133  139  143  144
  141  136  131  128  125  124  122  119  117  114  109  103   96   89   81   73
   66   61   58   56   55   55   54   54   53   53   52   52   51   51   51   52
   53   54   54   56   55   55   54   53   51
    45.0-180.0 180.0   5.0 450.0                            LAT/LON1/LON2/DLON/H
   56   54   52   50   50   49   48   46   43   41   38   36   36   40   45   53
   62   70   77   82   86   88   92   97  104  113  121  129  138  143  147  148
  145  140  135  132  130  130  130  129  128  126  121  115  107   98   89   81
   74   69   66   64   64   64   63   62   61   60   58   57   56   56   56   57
   58   60   60   61   61   60   60   59   56
    42.5-180.0 180.0   5.0 450.0                            LAT/LON1/LON2/DLON/H
   61   58   56   54   54   53   53   51   48   46   43   41   42   45   51   60
   68   76   83   88   93   96  100  105  112  120  127  134  141  147  149  151
  148  145  140  137  137  137  139  138  138  137  133  126  117  107   97   89
   82   77   73   72   72   72   71   69   66   64   62   60   58   58   59   60
   61   62   63   64   64   63   63   63   61
    40.0-180.0 180.0   5.0 450.0                            LAT/LON1/LON2/DLON/H
   62   59   57   56   56   56   56   55   53   50   48   46   47   51   58   66
   75   83   89   95  100  104  108  113  120  127  133  139  144  149  151  153
  152  149  146  146  147  148  148  149  149  148  143  136  127  117  107   98
   90   84   80   78   77   76   75   72   68   65   63   60   58   58   59   60
   61   62   63   64   64   64   63   63   62
    37.5-180.0 180.0   5.0 450.0                            LAT/LON1/LON2/DLON/H
   60   58   56   55   55   56   57   56   55   53   52   51   53   58   65   74
   82   89   95  101  105  110  116  121  127  134  139  142  146  149  152  155
  156  156  157  158  160  161  160  159  159  157  153  145  137  126  117  107
   96   89   84   81   79   78   76   73   69   65   62   59   57   57   58   59
   60   61   62   62   62   62   61   61   60
    35.0-180.0 180.0   5.0 450.0                            LAT/LON1/LON2/DLON/H
   55   54   52   51   52   53   55   56   56   55   54   54   58   64   72   82
   90   96  101  106  110  116  122  128  133  139  143  145  146  149  152  157
  162  167  172  175  179  178  175  172  170  166  161  154  145  135  126  115
  103   93   87   82   80   78   77   74   69   65   62   59   57   57   58   59
   60   60   60   59   59   58   57   56   55
    32.5-180.0 180.0   5.0 450.0                            LAT/LON1/LON2/DLON/H
   49   48   47   46   46   48   51   53   54   54   55   56   61   69   79   90
   97  103  107  111  115  120  126  133  137  142  145  145  145  148  154  162
  171  181  190  199  203  201  195  189  184  176  169  162  154  145  135  122
  109   98   89   83   80   79   78   76   72   68   64   61   60   60   60   61
   62   61   59   58   56   54   52   51   49
    30.0-180.0 180.0   5.0 450.0                            LAT/LON1/LON2/DLON/H
   45   44   42   41   41   43   46   49   50   52   53   57   63   74   85   96
  105  110  114  116  119  124  130  136  141  144  145  147  148  152  161  172
  186  201  216  227  230  226  219  209  198  189  179  172  163  154  143  130
  115  102   92   84   81   80   81   80   77   74   71   69   67   67   67   68
   66   64   61   58   55   52   49   47   45
    27.5-180.0 180.0   5.0 450.0                            LAT/LON1/LON2/DLON/H
   44   43   41   38   37   38   41   43   46   48   51   55   63   76   90  102
  112  117  121  122  124  129  133  139  144  147  150  152  156  162  175  190
  207  228  247  260  263  265  251  231  215  204  193  183  174  164  153  140
  124  108   96   89   85   86   87   87   86   84   82   80   80   79   79   78
   75   70   66   61   58   53   49   47   44
    25.0-180.0 180.0   5.0 450.0                            LAT/LON1/LON2/DLON/H
   47   45   41   38   35   35   37   40   42   44   47   52   62   76   92  107
  118  125  128  130  131  135  138  144  150  154  158  163  170  180  195  213
  234  257  277  292  298  300  282  253  232  220  210  198  187  176  166  152
  134  118  105   98   95   94   97   99   99   98   96   96   96   95   94   91
   86   80   74   68   63   58   53   50   47
    22.5-180.0 180.0   5.0 450.0                            LAT/LON1/LON2/DLON/H
   52   49   44   39   35   33   34   36   38   40   43   49   60   75   93  110
  123  133  136  139  140  142  146  151  158  164  171  181  192  205  224  240
  262  280  304  318  323  321  304  272  248  235  224  218  206  193  181  165
  148  132  120  112  110  109  113  116  116  115  113  113  113  112  109  106
   99   91   84   76   70   64   59   55   52
    20.0-180.0 180.0   5.0 450.0                            LAT/LON1/LON2/DLON/H
   58   54   49   42   36   33   33   35   36   38   41   47   58   74   92  113
  129  139  145  148  150  151  155  161  168  177  188  203  220  237  257  273
  291  305  321  329  332  328  310  285  262  248  236  236  227  213  199  182
  164  149  138  129  126  127  133  138  138  135  133  132  132  129  123  118
  110  101   95   86   79   72   67   62   58
    17.5-180.0 180.0   5.0 450.0                            LAT/LON1/LON2/DLON/H
   65   60   54   46   39   34   33   34   36   37   40   46   57   73   93  115
  132  144  152  158  160  162  166  172  181  193  208  229  251  269  289  304
  314  323  329  332  332  324  308  290  275  263  253  254  248  235  222  204
  186  169  157  148  144  146  154  159  159  155  152  150  147  141  134  127
  118  109  102   94   87   81   75   70   65
    15.0-180.0 180.0   5.0 450.0                            LAT/LON1/LON2/DLON/H
   71   66   59   50   41   35   34   34   36   36   39   46   58   74   95  117
  135  149  158  167  170  172  177  184  196  211  230  253  280  297  313  322
  324  328  329  330  328  317  308  298  291  284  280  277  272  261  248  228
  208  191  175  164  160  162  170  175  175  169  164  161  157  149  140  131
  122  112  106  100   93   87   81   76   71
    12.5-180.0 180.0   5.0 450.0                            LAT/LON1/LON2/DLON/H
   75   70   62   53   44   38   36   35   35   37   40   47   60   77   97  118
  137  152  163  173  178  182  188  198  212  230  251  276  298  312  321  326
  325  324  324  326  322  314  313  312  311  313  311  306  295  283  270  250
  231  209  191  177  171  171  178  185  185  178  171  166  160  152  141  131
  121  112  107  101   96   91   86   80   75
    10.0-180.0 180.0   5.0 450.0                            LAT/LON1/LON2/DLON/H
   76   71   64   56   47   41   38   36   36   37   40   49   63   80   99  120
  138  154  167  178  184  191  199  211  227  246  268  290  308  317  322  322
  321  319  320  322  320  319  324  329  333  338  336  328  314  301  286  268
  245  221  200  183  175  173  178  185  187  180  173  167  160  150  138  126
  117  110  105  100   95   91   87   81   76
     7.5-180.0 180.0   5.0 450.0                            LAT/LON1/LON2/DLON/H
   74   69   64   57   49   44   41   38   37   37   41   51   66   83  102  121
  139  154  169  182  190  198  208  222  239  260  281  299  312  317  318  319
  318  317  319  321  324  331  340  349  356  362  358  345  329  314  296  275
  250  225  202  183  172  170  173  179  180  175  170  164  157  147  133  120
  112  106  102   96   92   88   85   79   74
     5.0-180.0 180.0   5.0 450.0                            LAT/LON1/LON2/DLON/H
   71   66   61   56   50   46   43   40   37   38   42   53   69   87  105  122
  139  155  170  184  194  205  216  232  250  271  290  305  315  316  316  317
  319  320  322  330  339  350  363  373  379  381  373  357  339  320  298  274
  249  224  198  177  167  165  167  169  169  167  164  161  154  143  129  116
  107  101   98   93   88   85   81   76   71
     2.5-180.0 180.0   5.0 450.0                            LAT/LON1/LON2/DLON/H
   68   63   59   55   51   48   44   41   38   38   44   55   72   91  108  125
  140  156  171  186  198  210  223  240  259  278  295  307  315  314  315  318
  322  326  332  345  360  374  388  396  398  393  378  359  340  318  293  269
  244  218  190  170  160  159  161  162  162  161  160  158  151  139  126  113
  104   99   95   90   85   82   78   73   68
