data/7 day dataset/IGS corrections/igsg3050.20i
     1.0            IONOSPHERE MAPS     MIX                 IONEX VERSION / TYPE
cmpcmb v1.2          GRL/UWM            12-nov-20 17:00     PGM / RUN BY / DATE 
ionex file containing IGS COMBINED Ionosphere maps          COMMENT             
global ionosphere maps for day 305, 2020                    DESCRIPTION         
IONEX file containing the COMBINED IGS TEC MAPS and DCBs    DESCRIPTION         
      IONEX files of the following IAACs were combined: cod DESCRIPTION         
                                                        esa DESCRIPTION         
                                                        jpl DESCRIPTION         
                                                        upc DESCRIPTION         
Contact address: Andrzej Krankowski                         DESCRIPTION
                 Geodynamics Research Laboratory            DESCRIPTION
                 University of Warmia and Mazury (GRL/UWM)  DESCRIPTION
                 Oczapowski St. 1                           DESCRIPTION
                 10-957-Olsztyn, POLAND                     DESCRIPTION
                 e-mail:  kand@uwm.edu.pl                   DESCRIPTION
                                                            DESCRIPTION         
  2020    10    31     0     0     0                        EPOCH OF FIRST MAP  
  2020    11     1     0     0     0                        EPOCH OF LAST MAP   
  7200                                                      INTERVAL            
    13                                                      # OF MAPS IN FILE   
  COSZ                                                      MAPPING FUNCTION    
     0.0                                                    ELEVATION CUTOFF    
combined TEC calculated as weighted mean of input TEC valuesOBSERVABLES USED    
   441                                                      # OF STATIONS       
    31                                                      # OF SATELLITES     
  6371.0                                                    BASE RADIUS         
     2                                                      MAP DIMENSION       
   450.0 450.0   0.0                                        HGT1 / HGT2 / DHGT  
    87.5 -87.5  -2.5                                        LAT1 / LAT2 / DLAT  
  -180.0 180.0   5.0                                        LON1 / LON2 / DLON  
    -1                                                      EXPONENT            
TEC values in 0.1 tec units;  9999, if no value available   COMMENT             
DCB values in nanoseconds, reference is Sum_of_SatDCBs = 0  COMMENT             
                                                            END OF HEADER       
[from data line 4290]
    11                                                      START OF TEC MAP    
  2020    10    31    20     0     0                        EPOCH OF CURRENT MAP
    87.5-180.0 180.0   5.0 450.0                            LAT/LON1/LON2/DLON/H
   27   27   27   28   28   28   28   28   28   29   29   30   30   30   30   30
   30   30   31   31   31   31   31   31   31   31   31   30   30   30   29   29
   29   29   29   28   28   28   28   27   26   26   26   26   26   25   25   25
   25   25   25   25   25   25   24   24   25   25   25   25   25   25   26   26
   26   26   27   27   27   27   27   27   27
    85.0-180.0 180.0   5.0 450.0                            LAT/LON1/LON2/DLON/H
   29   30   30   31   31   31   32   33   33   34   34   35   35   36   37   36
   37   37   37   37   37   37   38   37   37   37   36   35   35   35   33   33
   32   32   31   30   30   30   29   29   29   28   27   27   26   26   25   25
   25   24   24   24   24   25   25   25   25   26   26   26   26   27   27   27
   27   28   28   28   29   28   28   29   29
    82.5-180.0 180.0   5.0 450.0                            LAT/LON1/LON2/DLON/H
   33   33   33   34   36   36   38   39   40   41   42   42   43   44   45   45
   46   46   46   46   46   45   45   44   44   42   42   41   39   38   37   36
   36   35   34   33   33   32   32   30   30   30   29   28   28   28   27   26
   26   24   24   24   24   24   25   25   26   26   27   27   27   28   29   29
   30   31   31   31   31   32   32   33   33
    80.0-180.0 180.0   5.0 450.0                            LAT/LON1/LON2/DLON/H
   35   36   37   38   40   41   43   44   46   47   49   50   51   52   53   53
   54   54   54   54   54   53   52   50   48   47   45   43   42   41   40   39
   37   36   35   34   34   33   33   32   32   31   30   29   29   28   28   28
   27   26   25   24   24   24   25   26   26   27   27   28   28   29   30   31
   32   32   32   32   32   33   34   34   35
    77.5-180.0 180.0   5.0 450.0                            LAT/LON1/LON2/DLON/H
   37   38   40   41   43   45   47   50   52   54   55   58   60   61   62   62
   62   62   62   62   60   59   58   56   54   51   48   45   43   41   39   37
   36   35   34   33   32   33   33   33   32   32   31   30   30   29   28   28
   27   26   25   24   24   23   24   25   26   26   27   28   29   29   30   30
   30   30   30   31   32   33   34   35   37
    75.0-180.0 180.0   5.0 450.0                            LAT/LON1/LON2/DLON/H
   37   40   42   44   46   49   52   54   56   59   62   64   65   67   68   69
   69   69   67   66   66   64   62   59   56   53   49   46   43   40   37   35
   33   32   31   31   30   30   31   31   31   30   30   29   29   28   27   26
   25   25   24   23   22   22   23   23   23   24   25   25   26   27   27   27
   26   27   28   29   30   31   33   35   37
    72.5-180.0 180.0   5.0 450.0                            LAT/LON1/LON2/DLON/H
   37   41   43   46   50   52   55   57   60   64   66   69   70   72   73   74
   74   73   72   71   70   67   65   60   56   53   48   45   42   37   34   32
   30   29   28   28   27   27   27   27   28   27   27   27   26   26   25   24
   23   22   22   21   20   20   21   21   21   21   22   23   23   23   23   23
   23   23   24   25   27   29   32   34   37
    70.0-180.0 180.0   5.0 450.0                            LAT/LON1/LON2/DLON/H
   38   42   45   49   52   55   58   61   64   67   70   72   74   75   77   77
   76   76   75   74   71   68   65   61   56   52   48   43   39   36   32   29
   27   25   25   24   24   23   23   23   24   23   23   23   22   22   21   21
   20   20   20   19   19   19   19   19   19   19   19   20   20   21   20   20
   20   20   21   21   23   26   30   34   38
    67.5-180.0 180.0   5.0 450.0                            LAT/LON1/LON2/DLON/H
   38   43   47   52   55   59   62   65   67   70   73   75   76   77   78   78
   77   77   76   74   72   69   66   61   57   51   47   42   38   35   31   27
   25   23   21   21   20   19   19   19   19   19   19   19   19   19   18   18
   18   19   19   18   18   18   18   17   17   18   18   18   19   19   18   18
   18   17   18   19   21   25   29   34   38
    65.0-180.0 180.0   5.0 450.0                            LAT/LON1/LON2/DLON/H
   40   46   50   54   58   62   65   68   71   73   75   76   78   78   79   78
   78   78   77   75   72   70   67   63   58   52   48   44   39   35   31   28
   24   22   20   19   18   17   16   16   16   16   16   17   17   17   17   18
   18   19   19   19   18   18   18   17   17   17   18   18   18   19   19   18
   17   16   17   18   20   24   29   34   40
    62.5-180.0 180.0   5.0 450.0                            LAT/LON1/LON2/DLON/H
   44   49   54   58   62   66   69   71   74   76   78   79   80   80   80   80
   79   78   77   76   74   72   69   65   61   56   51   47   41   38   33   29
   26   23   22   20   18   17   16   16   15   16   17   18   19   19   19   20
   21   21   21   21   21   21   20   19   19   19   19   20   20   21   21   20
   19   18   18   19   21   26   31   37   44
    60.0-180.0 180.0   5.0 450.0                            LAT/LON1/LON2/DLON/H
   48   54   59   63   67   71   74   76   78   80   81   82   83   83   82   82
   81   80   80   78   77   75   72   68   65   61   56   52   46   42   37   32
   29   27   25   23   22   20   20   18   18   19   21   22   23   24   24   25
   26   26   27   27   26   25   24   22   22   21   22   23   24   25   25   25
   23   22   21   22   24   29   35   42   48
    57.5-180.0 180.0   5.0 450.0                            LAT/LON1/LON2/DLON/H
   55   61   66   70   74   77   80   83   84   85   86   86   87   87   86   86
   85   84   83   82   80   79   76   74   70   66   62   58   52   48   44   39
   35   32   32   30   29   28   26   26   26   26   28   30   30   31   32   33
   33   35   35   34   33   31   29   27   26   26   26   28   29   31   31   31
   30   28   27   27   29   34   40   47   55
    55.0-180.0 180.0   5.0 450.0                            LAT/LON1/LON2/DLON/H
   62   69   75   79   83   86   88   91   91   91   91   92   92   92   92   91
   90   89   88   86   85   83   81   79   76   73   69   65   60   55   50   46
   43   40   40   39   38   37   36   35   36   36   38   40   41   42   43   43
   43   44   45   43   40   37   35   33   32   32   33   33   35   36   37   38
   36   34   32   32   34   39   46   54   62
    52.5-180.0 180.0   5.0 450.0                            LAT/LON1/LON2/DLON/H
   69   76   83   89   93   97   99  101  101  101  100   99   98   98   97   97
   96   94   92   91   90   89   88   86   83   80   77   73   68   63   59   55
   52   50   49   49   48   48   47   47   47   48   50   52   53   54   54   54
   54   54   54   52   49   46   43   41   40   40   40   41   42   43   44   44
   42   39   37   36   39   45   52   61   69
    50.0-180.0 180.0   5.0 450.0                            LAT/LON1/LON2/DLON/H
   77   85   92   99  105  109  111  113  113  111  109  107  107  106  105  104
  101  100   98   96   95   95   95   94   91   89   86   81   76   72   68   64
   61   59   58   59   59   59   58   58   58   60   62   63   65   65   64   64
   63   64   63   60   57   54   52   50   49   48   48   48   48   49   50   49
   46   43   40   40   43   49   58   66   77
    47.5-180.0 180.0   5.0 450.0                            LAT/LON1/LON2/DLON/H
   83   93  101  109  116  121  125  127  125  124  120  117  116  114  113  111
  109  106  104  103  102  102  103  102  100   98   95   91   85   80   76   73
   70   69   68   68   70   70   70   69   69   70   72   74   75   74   74   73
   73   72   71   69   66   63   60   59   57   56   55   55   54   54   54   52
   49   45   42   42   46   52   62   73   83
    45.0-180.0 180.0   5.0 450.0                            LAT/LON1/LON2/DLON/H
   89  100  109  117  126  132  137  139  137  136  131  128  126  124  122  120
  117  114  112  111  111  112  113  113  111  108  105  100   94   87   84   81
   78   77   77   77   79   79   79   78   78   79   80   81   82   83   82   81
   81   80   78   77   75   71   69   66   64   62   61   59   58   58   56   54
   50   46   44   43   47   55   66   78   89
    42.5-180.0 180.0   5.0 450.0                            LAT/LON1/LON2/DLON/H
   94  105  115  124  133  140  146  148  148  145  142  139  136  134  132  129
  126  124  122  123  123  124  125  124  122  120  115  109  102   95   90   87
   85   84   84   86   87   86   86   85   85   85   86   87   88   89   90   89
   88   87   85   83   81   77   74   72   69   66   64   62   61   59   57   55
   51   47   45   45   50   58   70   82   94
    40.0-180.0 180.0   5.0 450.0                            LAT/LON1/LON2/DLON/H
   98  109  120  128  137  145  151  155  156  153  151  148  145  144  142  140
  137  135  135  136  137  139  138  137  134  129  124  116  109  101   95   93
   91   91   91   93   93   93   91   90   90   90   90   92   94   94   94   94
   92   90   88   86   83   80   77   74   71   69   66   63   61   59   57   54
   51   48   46   48   53   63   75   87   98
    37.5-180.0 180.0   5.0 450.0                            LAT/LON1/LON2/DLON/H
  103  113  123  131  138  146  152  158  160  160  158  156  154  152  151  150
  148  148  148  150  152  153  151  148  143  137  130  122  113  105  100   97
   96   96   97   98   98   97   95   94   93   93   94   95   97   97   97   96
   94   90   88   86   83   80   78   75   72   70   67   64   62   59   57   54
   51   48   48   51   58   68   80   91  103
    35.0-180.0 180.0   5.0 450.0                            LAT/LON1/LON2/DLON/H
  106  116  125  132  138  146  152  159  163  165  163  162  160  160  159  160
  160  161  162  164  166  165  162  157  151  143  134  125  116  109  105  102
  102  103  103  103  103  101   99   98   97   96   96   97   98   99   98   95
   92   89   86   83   81   80   77   75   73   70   67   64   62   59   57   54
   52   50   51   56   64   75   86   97  106
    32.5-180.0 180.0   5.0 450.0                            LAT/LON1/LON2/DLON/H
  110  118  127  132  138  145  152  159  165  168  169  168  167  167  168  170
  171  174  176  178  177  176  171  165  158  147  137  127  119  113  110  109
  109  109  110  109  108  106  104  101  100   99   98   97   98   98   98   93
   90   85   82   80   79   78   76   74   72   68   66   63   61   59   56   54
   53   52   54   60   71   83   93  103  110
    30.0-180.0 180.0   5.0 450.0                            LAT/LON1/LON2/DLON/H
  115  121  129  134  139  145  153  161  169  175  176  175  175  176  178  181
  183  187  190  189  187  184  178  171  162  152  140  131  124  119  116  116
  117  118  118  118  116  113  109  106  104  102  100   98   98   97   96   92
   88   83   79   77   77   76   74   72   70   67   65   62   60   58   56   55
   54   54   58   65   77   90  100  108  115
    27.5-180.0 180.0   5.0 450.0                            LAT/LON1/LON2/DLON/H
  120  127  134  141  146  152  160  169  179  187  188  187  187  187  190  194
  196  200  202  200  196  191  186  179  170  159  147  138  132  128  127  127
  129  129  128  128  125  121  116  112  110  107  102  100   98   96   94   91
   87   82   78   76   76   74   72   69   68   66   64   61   59   58   57   56
   56   56   61   70   84   98  108  115  120
    25.0-180.0 180.0   5.0 450.0                            LAT/LON1/LON2/DLON/H
  128  136  145  154  160  166  176  187  199  206  207  204  204  206  208  211
  213  214  214  211  206  201  196  189  180  170  160  150  145  143  142  142
  144  143  142  140  137  132  126  121  118  113  107  103   99   97   93   91
   87   83   78   76   75   74   71   68   66   65   63   60   58   57   57   57
   57   58   64   75   91  105  116  123  128
    22.5-180.0 180.0   5.0 450.0                            LAT/LON1/LON2/DLON/H
  139  149  161  173  181  190  200  214  225  232  232  230  231  233  233  234
  233  233  229  224  219  215  211  206  197  188  178  170  165  163  163  162
  161  159  157  155  150  144  138  133  128  120  113  106  102   98   95   93
   89   83   80   78   77   75   71   68   66   64   62   59   57   56   56   56
   57   59   67   79   96  112  123  132  139
    20.0-180.0 180.0   5.0 450.0                            LAT/LON1/LON2/DLON/H
  152  166  182  198  209  221  233  248  257  263  264  265  266  268  266  266
  261  257  250  244  239  237  235  230  223  214  205  196  192  189  187  183
  180  176  172  169  164  157  151  146  140  130  119  111  105  100   97   94
   91   86   84   83   81   78   73   69   66   63   61   59   56   55   55   55
   56   60   68   83  102  119  132  142  152
    17.5-180.0 180.0   5.0 450.0                            LAT/LON1/LON2/DLON/H
  167  183  205  224  239  256  271  287  296  301  303  305  308  311  308  305
  297  289  279  271  267  267  266  262  254  246  236  228  225  218  213  206
  200  193  186  180  174  167  162  158  152  140  128  118  111  105  101   96
   94   91   90   88   86   82   77   71   66   63   61   59   56   54   53   54
   55   61   71   87  107  125  140  153  167
    15.0-180.0 180.0   5.0 450.0                            LAT/LON1/LON2/DLON/H
  181  200  223  245  266  286  306  326  337  340  348  350  354  358  357  351
  342  331  316  307  303  304  304  299  289  280  271  262  257  248  238  227
  216  204  195  186  179  174  171  169  165  153  140  127  117  111  106  100
   99   96   95   93   90   86   79   73   67   63   60   58   55   53   53   53
   55   62   75   93  113  132  148  164  181
    12.5-180.0 180.0   5.0 450.0                            LAT/LON1/LON2/DLON/H
  194  216  239  262  286  311  336  356  369  375  385  392  401  407  409  401
  391  378  361  351  346  346  345  339  327  317  306  296  287  271  257  245
  225  209  198  189  182  179  179  179  176  166  151  136  124  117  111  106
  103   99   99   97   93   87   80   72   66   63   59   57   54   52   51   51
   55   64   78   98  120  139  157  174  194
    10.0-180.0 180.0   5.0 450.0                            LAT/LON1/LON2/DLON/H
  204  227  252  274  297  323  349  373  388  398  411  427  440  451  456  451
  440  427  410  401  392  388  385  378  363  349  338  325  310  288  269  251
  230  212  201  191  185  184  185  185  183  174  160  143  130  123  114  107
  104  100   99   96   91   86   78   71   65   61   58   55   53   51   49   49
   54   64   81  102  125  146  164  183  204
     7.5-180.0 180.0   5.0 450.0                            LAT/LON1/LON2/DLON/H
  212  235  259  280  301  324  349  372  387  401  420  442  462  478  488  490
  482  470  453  446  434  428  420  409  390  371  359  344  323  297  274  251
  229  212  203  194  187  187  188  187  186  178  164  148  137  127  115  106
  102   98   95   91   86   81   74   69   63   59   57   54   52   50   48   48
   54   66   85  107  130  151  170  191  212
     5.0-180.0 180.0   5.0 450.0                            LAT/LON1/LON2/DLON/H
  217  239  260  280  300  320  340  358  372  387  409  436  463  484  499  508
  507  500  485  477  466  459  447  430  404  380  366  347  324  299  273  249
  229  215  206  196  189  188  188  186  184  177  164  153  142  129  115  104
   98   94   90   86   80   75   70   66   62   58   55   54   52   49   47   47
   53   67   87  111  134  155  175  195  217
     2.5-180.0 180.0   5.0 450.0                            LAT/LON1/LON2/DLON/H
  219  241  261  279  298  315  330  343  353  366  387  415  444  468  487  502
  509  506  495  485  476  470  458  434  408  382  364  344  323  298  273  249
  233  221  211  200  191  187  185  183  179  173  164  157  145  132  118  104
   97   90   86   82   75   71   67   64   61   57   54   53   51   50   47   47
   54   68   89  113  135  155  176  197  219
