data/7 day dataset/IGS corrections/igsg3000.20i
     1.0            IONOSPHERE MAPS     MIX                 IONEX VERSION / TYPE
cmpcmb v1.2          GRL/UWM            12-nov-20 16:33     PGM / RUN BY / DATE 
ionex file containing IGS COMBINED Ionosphere maps          COMMENT             
global ionosphere maps for day 300, 2020                    DESCRIPTION         
IONEX file containing the COMBINED IGS TEC MAPS and DCBs    DESCRIPTION         
      IONEX files of the following IAACs were combined: cod DESCRIPTION         
                                                        esa DESCRIPTION         
                                                        jpl DESCRIPTION         
                                                        upc DESCRIPTION         
Contact address: Andrzej Krankowski                         DESCRIPTION
                 Geodynamics Research Laboratory            DESCRIPTION
                 University of Warmia and Mazury (GRL/UWM)  DESCRIPTION
                 Oczapowski St. 1                           DESCRIPTION
                 10-957-Olsztyn, POLAND                     DESCRIPTION
                 e-mail:  kand@uwm.edu.pl                   DESCRIPTION
                                                            DESCRIPTION         
  2020    10    26     0     0     0                        EPOCH OF FIRST MAP  
  2020    10    27     0     0     0                        EPOCH OF LAST MAP   
  7200                                                      INTERVAL            
    13                                                      # OF MAPS IN FILE   
  COSZ                                                      MAPPING FUNCTION    
     0.0                                                    ELEVATION CUTOFF    
combined TEC calculated as weighted mean of input TEC valuesOBSERVABLES USED    
   417                                                      # OF STATIONS       
    31                                                      # OF SATELLITES     
  6371.0                                                    BASE RADIUS         
     2                                                      MAP DIMENSION       
   450.0 450.0   0.0                                        HGT1 / HGT2 / DHGT  
    87.5 -87.5  -2.5                                        LAT1 / LAT2 / DLAT  
  -180.0 180.0   5.0                                        LON1 / LON2 / DLON  
    -1                                                      EXPONENT            
TEC values in 0.1 tec units;  9999, if no value available   COMMENT             
DCB values in nanoseconds, reference is Sum_of_SatDCBs = 0  COMMENT             
                                                            END OF HEADER       
[from data line 4719]
    12                                                      START OF TEC MAP    
  2020    10    26    22     0     0                        EPOCH OF CURRENT MAP
    87.5-180.0 180.0   5.0 450.0                            LAT/LON1/LON2/DLON/H
   38   38   39   39   40   40   40   40   40   41   40   40   40   40   39   39
   39   39   38   38   37   37   35   34   33   33   32   31   30   29   29   28
   28   28   27   27   27   27   27   26   26   26   27   27   27   27   27   28
   28   28   28   29   29   29   30   30   31   31   32   32   33   33   34   34
   35   36   36   36   37   37   37   38   38
    85.0-180.0 180.0   5.0 450.0                            LAT/LON1/LON2/DLON/H
   46   46   48   49   50   51   51   51   52   52   52   52   52   51   51   50
   49   47   45   44   43   41   38   37   35   33   32   31   30   29   28   28
   27   26   26   25   25   25   25   24   24   24   25   24   24   25   25   25
   26   27   27   28   29   29   30   30   31   32   32   33   33   34   35   36
   37   38   39   40   41   42   43   45   46
    82.5-180.0 180.0   5.0 450.0                            LAT/LON1/LON2/DLON/H
   50   51   52   53   55   56   58   59   61   61   63   63   63   62   62   61
   59   57   54   52   49   46   41   39   39   35   34   32   30   29   28   26
   25   24   24   23   24   24   25   25   25   25   26   26   25   26   26   26
   27   27   28   29   29   29   30   31   31   32   32   32   33   34   35   36
   38   39   41   42   44   45   47   48   50
    80.0-180.0 180.0   5.0 450.0                            LAT/LON1/LON2/DLON/H
   51   53   55   57   59   60   62   64   66   68   70   71   71   72   72   71
   70   68   65   62   58   53   45   44   43   40   38   36   34   32   30   29
   28   27   26   25   25   24   24   25   26   27   27   28   29   29   29   29
   29   29   30   30   30   30   30   30   30   31   31   31   32   33   34   36
   37   39   41   43   45   46   48   50   51
    77.5-180.0 180.0   5.0 450.0                            LAT/LON1/LON2/DLON/H
   52   54   55   57   59   62   65   68   71   74   76   78   78   77   77   76
   75   70   66   64   61   56   47   46   41   39   39   38   37   35   33   31
   31   30   29   29   28   27   27   27   28   29   29   30   30   30   30   31
   31   31   31   31   31   30   30   30   29   29   29   29   29   30   32   33
   35   36   39   41   44   46   48   50   52
    75.0-180.0 180.0   5.0 450.0                            LAT/LON1/LON2/DLON/H
   51   53   54   56   59   62   65   69   73   76   79   82   84   87   86   84
   80   75   70   64   60   56   49   48   44   40   39   38   38   38   38   36
   34   32   31   31   30   29   28   29   29   29   30   30   30   30   30   30
   30   30   30   29   29   28   27   27   26   26   25   25   26   26   28   29
   31   33   35   39   41   44   47   49   51
    72.5-180.0 180.0   5.0 450.0                            LAT/LON1/LON2/DLON/H
   50   52   54   56   58   61   64   68   72   77   81   85   88   89   89   87
   81   75   69   64   60   55   49   48   44   41   39   38   40   40   39   38
   37   35   33   32   31   30   29   27   27   28   28   28   29   29   29   29
   29   29   28   27   26   25   24   23   22   21   21   21   21   22   23   25
   27   30   32   35   39   42   46   48   50
    70.0-180.0 180.0   5.0 450.0                            LAT/LON1/LON2/DLON/H
   50   52   54   55   57   60   63   66   71   76   80   85   87   89   88   84
   78   74   67   63   57   53   46   46   43   40   38   37   38   39   39   38
   37   35   33   30   29   28   27   26   24   24   24   25   25   25   26   26
   25   26   26   25   23   22   21   20   19   18   17   17   17   18   19   21
   24   26   30   33   37   41   45   48   50
    67.5-180.0 180.0   5.0 450.0                            LAT/LON1/LON2/DLON/H
   51   53   55   57   58   60   63   66   70   75   79   83   86   87   85   80
   76   71   66   60   54   48   42   43   42   38   36   35   35   36   35   34
   33   31   30   27   25   23   23   22   21   20   20   21   21   21   21   21
   22   22   22   22   21   20   19   19   18   17   17   16   16   17   18   20
   22   25   29   33   36   41   45   48   51
    65.0-180.0 180.0   5.0 450.0                            LAT/LON1/LON2/DLON/H
   53   56   58   60   61   63   65   68   71   74   78   81   84   85   85   80
   76   70   65   58   53   45   41   41   40   35   33   32   31   30   29   28
   27   26   25   23   22   20   18   17   17   16   17   17   17   17   18   18
   19   19   20   20   20   19   19   18   18   17   17   17   17   18   19   21
   23   26   29   33   38   42   46   50   53
    62.5-180.0 180.0   5.0 450.0                            LAT/LON1/LON2/DLON/H
   57   60   63   65   67   68   70   72   74   76   78   80   82   84   84   82
   79   73   67   60   55   48   43   42   40   33   30   27   27   24   22   21
   21   21   20   19   18   17   16   16   15   16   16   16   16   17   17   17
   19   19   20   20   20   19   19   19   19   18   18   18   19   21   22   25
   27   29   32   36   40   44   48   52   57
    60.0-180.0 180.0   5.0 450.0                            LAT/LON1/LON2/DLON/H
   61   66   70   73   74   76   77   78   79   80   80   81   82   83   84   84
   83   78   74   67   61   54   49   46   40   33   27   24   21   20   18   17
   18   18   18   18   18   17   17   17   17   18   19   19   19   20   20   21
   21   21   22   21   21   20   20   20   20   20   20   21   22   25   27   31
   33   35   37   40   43   47   51   56   61
    57.5-180.0 180.0   5.0 450.0                            LAT/LON1/LON2/DLON/H
   68   73   77   81   83   86   87   87   86   85   84   83   84   84   85   87
   87   85   83   77   71   64   58   53   44   36   29   24   20   18   17   17
   19   20   20   21   21   22   23   23   23   24   25   26   26   27   27   27
   27   26   25   24   24   24   23   23   23   23   23   24   26   30   34   37
   40   42   44   46   48   51   56   61   68
    55.0-180.0 180.0   5.0 450.0                            LAT/LON1/LON2/DLON/H
   75   81   85   89   93   95   96   96   95   92   89   87   86   86   88   90
   92   92   91   89   82   76   68   61   50   42   35   29   25   22   21   22
   24   25   27   28   30   31   32   33   34   34   35   36   35   35   36   35
   34   33   32   31   29   28   28   27   27   27   27   28   30   35   40   44
   46   49   51   53   55   58   63   68   75
    52.5-180.0 180.0   5.0 450.0                            LAT/LON1/LON2/DLON/H
   83   89   94   98  101  104  105  105  103   99   95   91   89   89   92   94
   96   98   98   96   91   84   77   68   58   50   43   37   33   31   30   31
   31   33   36   38   40   42   44   45   46   47   47   46   46   46   45   45
   43   42   40   38   37   35   34   33   33   32   31   31   34   38   43   47
   51   56   58   61   63   66   71   76   83
    50.0-180.0 180.0   5.0 450.0                            LAT/LON1/LON2/DLON/H
   93   99  102  106  109  111  112  113  111  106  100   96   94   93   95   98
  101  103  103  102   98   91   84   75   67   60   53   49   45   43   41   41
   42   43   46   50   52   55   56   58   58   58   58   57   56   56   55   54
   52   51   48   46   45   43   42   40   39   36   35   34   35   39   44   50
   55   62   65   68   71   76   81   86   93
    47.5-180.0 180.0   5.0 450.0                            LAT/LON1/LON2/DLON/H
  103  109  111  113  115  117  118  118  116  112  106  101   98   98  100  103
  105  107  107  105  102   96   89   82   75   69   64   61   59   56   54   54
   53   55   57   61   64   67   68   69   68   68   67   65   65   63   62   61
   60   58   56   54   52   51   49   47   44   41   38   36   38   41   46   54
   60   67   72   75   79   84   90   97  103
    45.0-180.0 180.0   5.0 450.0                            LAT/LON1/LON2/DLON/H
  115  119  120  119  120  121  121  121  119  116  111  107  104  103  105  107
  109  110  110  109  106  101   95   88   83   78   75   73   71   67   65   63
   62   64   68   72   75   77   78   77   76   74   72   71   69   68   69   68
   67   65   63   61   58   57   55   53   50   45   42   40   41   44   51   59
   67   74   80   84   88   93  100  107  115
    42.5-180.0 180.0   5.0 450.0                            LAT/LON1/LON2/DLON/H
  124  129  130  126  123  123  122  122  121  119  116  112  110  109  110  112
  113  114  114  113  110  105  100   94   89   85   83   81   79   75   73   70
   69   72   75   78   81   83   83   81   79   76   74   72   72   73   74   74
   73   71   69   66   64   62   60   59   56   52   48   46   46   50   57   65
   74   82   88   92   96  101  110  117  124
    40.0-180.0 180.0   5.0 450.0                            LAT/LON1/LON2/DLON/H
  134  140  141  136  129  126  123  123  123  122  120  117  117  116  116  118
  119  120  120  120  116  112  105   99   95   91   88   86   83   79   76   73
   72   75   79   83   86   87   85   83   79   77   76   75   76   77   77   77
   76   74   72   69   67   65   64   63   60   56   52   50   52   57   63   73
   82   90   96   99  104  110  117  125  134
    37.5-180.0 180.0   5.0 450.0                            LAT/LON1/LON2/DLON/H
  141  151  154  150  141  134  129  127  128  127  125  123  123  123  125  126
  126  128  129  129  125  119  111  104   99   94   89   86   81   78   76   73
   74   77   81   85   87   88   86   82   79   78   78   78   79   80   80   79
   77   75   72   69   67   66   66   65   63   59   55   54   57   64   71   81
   91   98  102  105  110  115  123  131  141
    35.0-180.0 180.0   5.0 450.0                            LAT/LON1/LON2/DLON/H
  151  163  171  170  161  152  144  138  138  136  134  131  131  132  133  135
  136  138  139  139  134  126  117  107  100   94   88   82   76   73   72   70
   72   77   82   85   87   87   85   82   80   79   80   80   82   82   82   80
   77   73   70   67   66   65   65   64   62   59   56   57   61   69   79   90
   99  105  109  112  115  121  128  138  151
    32.5-180.0 180.0   5.0 450.0                            LAT/LON1/LON2/DLON/H
  162  179  194  198  191  182  171  161  157  152  146  142  140  141  143  145
  147  149  150  149  143  132  121  109  101   93   85   78   71   68   67   69
   72   78   82   85   87   86   85   82   81   81   82   84   85   85   82   79
   75   71   67   65   63   62   62   61   59   56   55   57   63   74   85   97
  106  112  115  116  120  126  136  147  162
    30.0-180.0 180.0   5.0 450.0                            LAT/LON1/LON2/DLON/H
  178  200  222  235  233  224  210  197  187  176  166  157  152  151  153  157
  159  160  160  157  148  135  121  109  100   93   84   76   69   66   67   71
   76   81   85   87   87   85   84   83   82   83   85   87   87   85   81   76
   72   67   64   61   59   59   58   57   55   52   52   56   64   76   90  103
  111  118  121  123  126  134  146  160  178
    27.5-180.0 180.0   5.0 450.0                            LAT/LON1/LON2/DLON/H
  200  227  258  277  283  276  264  244  227  210  193  176  165  161  163  166
  168  168  167  160  149  134  120  109  101   95   87   78   72   70   73   78
   84   87   88   89   87   85   84   82   83   84   86   86   86   83   78   73
   68   63   60   57   55   54   54   52   50   48   49   53   63   76   92  105
  116  122  127  130  136  146  160  179  200
    25.0-180.0 180.0   5.0 450.0                            LAT/LON1/LON2/DLON/H
  231  264  298  326  337  335  324  300  274  254  228  201  182  172  172  174
  176  173  168  159  146  130  117  109  105  101   94   88   82   82   86   92
   97   98   94   93   91   86   85   83   83   83   84   84   83   80   75   69
   64   60   56   53   51   50   49   48   45   43   44   50   61   75   92  107
  118  126  134  140  149  163  181  206  231
    22.5-180.0 180.0   5.0 450.0                            LAT/LON1/LON2/DLON/H
  266  301  337  372  390  396  386  363  330  307  271  231  201  185  179  180
  179  175  166  155  141  127  117  112  112  112  108  104  102  103  108  113
  118  115  106  100   94   88   87   85   83   82   81   81   79   77   72   67
   62   58   54   51   48   47   46   45   42   40   41   47   58   74   92  107
  119  129  141  151  164  182  204  233  266
    20.0-180.0 180.0   5.0 450.0                            LAT/LON1/LON2/DLON/H
  293  332  371  408  433  441  435  421  390  360  314  265  224  199  187  184
  180  172  162  151  139  128  122  121  125  129  129  128  128  133  138  141
  143  137  121  109   99   93   91   89   86   82   79   77   76   74   70   65
   61   57   53   50   47   45   44   43   41   39   39   45   57   74   92  107
  120  133  147  162  180  200  225  256  293
    17.5-180.0 180.0   5.0 450.0                            LAT/LON1/LON2/DLON/H
  307  345  386  422  448  465  470  467  439  406  357  300  250  217  199  191
  183  172  160  151  143  137  134  136  144  150  153  155  159  164  169  173
  168  156  137  123  110  102   99   95   90   84   80   76   73   72   70   67
   62   58   53   50   47   43   42   41   40   39   40   46   58   75   93  109
  122  137  153  171  192  215  240  272  307
    15.0-180.0 180.0   5.0 450.0                            LAT/LON1/LON2/DLON/H
  307  341  378  411  438  461  478  489  476  441  393  334  278  239  216  203
  190  177  164  159  156  155  156  161  170  178  182  186  189  195  200  196
  187  170  150  136  124  117  111  106   97   88   82   77   74   74   73   69
   63   57   53   49   45   43   42   41   40   40   41   48   60   77   96  113
  127  143  160  180  203  226  252  277  307
    12.5-180.0 180.0   5.0 450.0                            LAT/LON1/LON2/DLON/H
  299  326  353  382  407  433  460  486  493  467  420  362  304  265  237  221
  205  191  180  178  181  185  188  193  201  209  212  215  215  214  213  207
  196  180  161  148  138  131  126  118  107   97   87   81   80   78   76   70
   62   56   52   47   44   42   41   40   40   40   42   49   62   81  100  117
  133  150  168  188  211  235  256  277  299
    10.0-180.0 180.0   5.0 450.0                            LAT/LON1/LON2/DLON/H
  286  303  322  342  362  389  423  458  483  471  436  379  325  289  265  247
  231  218  209  213  220  227  230  232  235  240  240  237  229  221  213  205
  196  185  172  161  153  147  141  132  120  106   96   88   85   83   78   70
   62   55   50   46   43   40   39   38   38   38   41   49   64   84  104  123
  140  158  177  197  218  239  256  271  286
     7.5-180.0 180.0   5.0 450.0                            LAT/LON1/LON2/DLON/H
  273  281  289  299  313  337  374  418  451  456  429  386  342  312  296  280
  265  255  249  259  270  277  278  273  270  268  262  251  235  219  206  198
  192  187  181  173  166  160  153  145  132  116  104   94   89   85   79   70
   60   53   48   45   41   40   39   38   37   37   39   49   66   87  109  129
  148  167  185  204  224  241  255  265  273
     5.0-180.0 180.0   5.0 450.0                            LAT/LON1/LON2/DLON/H
  265  265  265  265  272  292  327  371  407  424  413  383  351  330  321  312
  301  294  295  314  324  330  326  313  303  297  279  258  235  215  199  190
  188  189  187  181  174  168  162  153  140  123  111   98   91   84   77   68
   57   51   47   43   41   40   39   38   37   36   39   50   68   91  112  134
  155  175  193  211  228  243  254  262  265
     2.5-180.0 180.0   5.0 450.0                            LAT/LON1/LON2/DLON/H
  265  263  256  250  251  265  293  331  367  389  388  370  350  337  335  335
  331  328  339  364  375  376  364  344  330  313  288  260  234  210  193  185
  185  188  187  182  176  170  164  156  143  125  113  100   92   84   75   65
   56   49   46   44   43   41   41   40   38   37   40   51   70   92  116  138
  160  182  201  217  232  246  256  263  265
