data/7 day dataset/IGS corrections/igsg3020.20i
     1.0            IONOSPHERE MAPS     MIX                 IONEX VERSION / TYPE
cmpcmb v1.2          GRL/UWM            12-nov-20 16:43     PGM / RUN BY / DATE 
ionex file containing IGS COMBINED Ionosphere maps          COMMENT             
global ionosphere maps for day 302, 2020                    DESCRIPTION         
IONEX file containing the COMBINED IGS TEC MAPS and DCBs    DESCRIPTION         
      IONEX files of the following IAACs were combined: cod DESCRIPTION         
                                                        esa DESCRIPTION         
                                                        jpl DESCRIPTION         
                                                        upc DESCRIPTION         
Contact address: Andrzej Krankowski                         DESCRIPTION
                 Geodynamics Research Laboratory            DESCRIPTION
                 University of Warmia and Mazury (GRL/UWM)  DESCRIPTION
                 Oczapowski St. 1                           DESCRIPTION
                 10-957-Olsztyn, POLAND                     DESCRIPTION
                 e-mail:  kand@uwm.edu.pl                   DESCRIPTION
                                                            DESCRIPTION         
  2020    10    28     0     0     0                        EPOCH OF FIRST MAP  
  2020    10    29     0     0     0                        EPOCH OF LAST MAP   
  7200                                                      INTERVAL            
    13                                                      # OF MAPS IN FILE   
  COSZ                                                      MAPPING FUNCTION    
     0.0                                                    ELEVATION CUTOFF    
combined TEC calculated as weighted mean of input TEC valuesOBSERVABLES USED    
   428                                                      # OF STATIONS       
    31                                                      # OF SATELLITES     
  6371.0                                                    BASE RADIUS         
     2                                                      MAP DIMENSION       
   450.0 450.0   0.0                                        HGT1 / HGT2 / DHGT  
    87.5 -87.5  -2.5                                        LAT1 / LAT2 / DLAT  
  -180.0 180.0   5.0                                        LON1 / LON2 / DLON  
    -1                                                      EXPONENT            
TEC values in 0.1 tec units;  9999, if no value available   COMMENT             
DCB values in nanoseconds, reference is Sum_of_SatDCBs = 0  COMMENT             
                                                            END OF HEADER       
     1                                                      START OF TEC MAP    
  2020    10    28     0     0     0                        EPOCH OF CURRENT MAP
    87.5-180.0 180.0   5.0 450.0                            LAT/LON1/LON2/DLON/H
   32   32   32   32   32   32   32   32   31   32   31   31   31   30   30   30
   29   29   29   28   28   27   27   26   26   26   25   26   26   26   25   25
   25   25   26   26   26   26   26   26   26   26   26   26   27   27   27   27
   27   27   28   28   28   29   29   29   29   29   30   30   30   30   31   31
   31   32   31   32   32   32   32   32   32
    85.0-180.0 180.0   5.0 450.0                            LAT/LON1/LON2/DLON/H
   37   37   37   37   37   38   37   36   37   35   35   35   34   33   32   31
   30   29   28   27   27   26   25   24   24   24   23   23   23   23   23   23
   23   23   24   24   24   24   24   25   25   26   25   26   26   26   26   26
   27   27   27   27   27   27   28   28   29   30   30   30   31   31   31   32
   33   33   34   35   35   35   36   36   37
    82.5-180.0 180.0   5.0 450.0                            LAT/LON1/LON2/DLON/H
   40   40   41   41   41   42   42   41   41   41   40   39   38   37   36   35
   32   31   29   27   26   25   23   22   21   20   20   19   19   19   19   19
   20   21   21   21   22   22   22   23   24   25   25   26   26   26   26   26
   26   26   26   26   26   26   26   27   28   29   29   30   30   31   31   33
   33   35   35   36   36   37   38   39   40
    80.0-180.0 180.0   5.0 450.0                            LAT/LON1/LON2/DLON/H
   42   43   43   44   44   44   44   44   44   44   44   43   42   41   39   38
   36   33   31   29   27   24   22   19   19   17   16   16   16   16   17   17
   18   19   20   21   22   23   23   24   24   24   24   25   26   26   26   25
   25   25   25   25   25   25   25   25   25   26   27   28   29   30   31   32
   34   35   36   36   38   39   40   41   42
    77.5-180.0 180.0   5.0 450.0                            LAT/LON1/LON2/DLON/H
   45   45   45   45   45   46   46   47   47   47   47   46   45   44   42   40
   38   35   32   29   26   23   21   20   17   17   17   16   16   16   16   18
   19   20   20   21   22   22   24   25   25   25   25   25   25   25   25   24
   24   23   23   22   22   22   22   22   23   24   25   26   27   28   30   32
   34   35   37   38   40   41   43   44   45
    75.0-180.0 180.0   5.0 450.0                            LAT/LON1/LON2/DLON/H
   48   48   48   48   47   48   48   49   49   49   50   49   49   48   46   43
   41   39   34   31   26   24   22   20   19   18   17   16   17   17   18   18
   19   20   21   22   23   23   24   24   25   25   25   25   24   24   23   22
   22   21   20   20   19   19   19   19   20   22   23   24   26   28   30   32
   34   36   38   41   43   45   46   47   48
    72.5-180.0 180.0   5.0 450.0                            LAT/LON1/LON2/DLON/H
   52   52   52   51   51   50   50   50   50   51   51   51   51   50   48   45
   43   39   36   32   27   25   23   22   21   21   19   18   18   18   19   20
   20   21   22   22   23   24   24   24   24   24   24   23   23   22   21   20
   19   18   17   16   16   16   16   17   18   20   22   24   26   28   31   33
   36   38   41   44   46   49   50   52   52
    70.0-180.0 180.0   5.0 450.0                            LAT/LON1/LON2/DLON/H
   57   57   56   55   53   53   52   51   52   52   53   53   52   50   49   46
   42   39   37   33   29   26   26   23   23   23   20   20   19   19   20   20
   20   20   21   21   21   22   22   22   22   21   22   21   20   20   19   18
   17   16   15   14   14   14   15   17   18   21   23   25   28   30   33   36
   39   41   45   48   51   54   55   57   57
    67.5-180.0 180.0   5.0 450.0                            LAT/LON1/LON2/DLON/H
   63   62   61   59   58   56   54   54   54   54   54   53   52   50   48   45
   41   38   36   32   30   28   27   25   25   24   22   22   21   19   19   18
   18   18   19   19   19   19   19   19   19   19   19   19   19   19   18   17
   17   15   14   14   13   14   15   18   20   23   26   28   32   34   37   40
   42   45   48   52   55   58   60   62   63
    65.0-180.0 180.0   5.0 450.0                            LAT/LON1/LON2/DLON/H
   67   67   66   64   62   60   58   57   56   56   55   54   52   50   47   43
   39   36   33   30   30   28   28   26   26   25   23   21   21   19   17   16
   15   15   16   16   17   17   17   16   17   17   18   19   18   18   18   17
   16   15   15   14   14   15   16   20   23   27   30   33   37   39   42   44
   47   49   52   56   59   63   65   67   67
    62.5-180.0 180.0   5.0 450.0                            LAT/LON1/LON2/DLON/H
   71   70   70   68   66   63   61   60   58   58   56   55   53   50   46   42
   37   33   31   29   28   28   27   27   26   25   23   20   18   16   14   13
   12   12   13   14   15   16   16   16   17   18   19   20   20   21   20   20
   18   17   16   16   16   17   19   22   26   30   35   39   42   45   47   49
   51   54   56   59   62   66   68   70   71
    60.0-180.0 180.0   5.0 450.0                            LAT/LON1/LON2/DLON/H
   72   73   73   72   70   67   65   63   61   60   58   57   53   50   46   42
   37   33   30   29   27   27   26   26   25   24   21   19   16   14   12   10
   10   11   12   14   16   18   17   18   19   20   22   24   25   25   25   24
   22   20   19   19   19   20   21   24   28   34   39   45   49   51   53   55
   57   58   60   63   66   68   70   72   72
    57.5-180.0 180.0   5.0 450.0                            LAT/LON1/LON2/DLON/H
   74   75   75   75   73   71   69   67   64   63   61   59   56   51   47   43
   39   35   32   30   28   27   26   25   24   23   21   18   15   14   12   11
   12   14   16   19   20   22   23   24   26   27   30   32   33   33   32   30
   28   26   24   23   22   23   25   28   32   38   44   50   54   57   58   61
   62   63   66   67   69   71   72   74   74
    55.0-180.0 180.0   5.0 450.0                            LAT/LON1/LON2/DLON/H
   76   77   78   78   77   74   72   70   68   66   65   63   59   55   50   46
   42   39   36   33   31   29   27   26   24   23   21   20   17   16   15   15
   17   20   23   26   29   31   32   34   34   37   39   41   42   42   41   39
   36   33   30   29   28   28   29   32   37   43   49   55   59   62   64   67
   68   69   71   73   74   75   75   76   76
    52.5-180.0 180.0   5.0 450.0                            LAT/LON1/LON2/DLON/H
   80   81   82   82   81   79   76   75   73   72   70   67   63   59   54   49
   46   43   40   37   34   31   28   27   25   25   24   24   23   22   21   22
   25   28   32   37   39   41   43   44   46   47   49   51   52   52   50   48
   44   41   38   36   35   34   34   37   42   48   54   60   64   67   70   71
   73   76   78   80   80   80   81   80   80
    50.0-180.0 180.0   5.0 450.0                            LAT/LON1/LON2/DLON/H
   86   87   88   87   86   83   81   79   78   77   75   72   68   63   58   54
   50   47   44   41   37   33   31   29   28   29   30   30   31   31   31   32
   35   39   43   47   49   53   54   55   56   57   59   61   61   61   59   56
   52   48   46   44   42   40   40   42   47   53   60   66   69   71   74   76
   78   82   84   87   88   88   88   87   86
    47.5-180.0 180.0   5.0 450.0                            LAT/LON1/LON2/DLON/H
   94   94   95   94   91   88   85   84   83   83   82   79   75   69   63   58
   53   50   47   44   40   37   34   34   34   35   37   40   41   42   42   43
   46   50   53   57   59   62   64   65   66   66   67   68   69   68   67   63
   59   55   53   51   48   46   45   47   52   58   65   71   74   76   78   80
   82   86   90   93   95   96   96   95   94
    45.0-180.0 180.0   5.0 450.0                            LAT/LON1/LON2/DLON/H
  103  103  102  100   96   93   90   89   88   89   88   86   82   75   68   62
   56   52   49   46   44   42   40   40   41   44   47   50   51   51   52   53
   55   59   62   65   68   70   72   72   72   72   72   74   74   74   72   70
   65   62   59   57   54   52   52   53   58   64   71   76   79   82   83   85
   87   90   94   99  102  104  104  104  103
    42.5-180.0 180.0   5.0 450.0                            LAT/LON1/LON2/DLON/H
  112  111  109  105  101   97   95   94   94   95   95   93   89   82   74   66
   59   53   50   48   47   47   47   49   51   55   57   59   59   58   57   59
   61   64   67   70   72   74   76   76   76   75   75   76   77   77   76   74
   71   67   65   63   60   58   57   59   64   70   77   82   86   88   89   90
   91   93   97  103  108  110  112  113  112
    40.0-180.0 180.0   5.0 450.0                            LAT/LON1/LON2/DLON/H
  123  120  116  111  105  102  101  100  100  101  101  100   96   90   81   71
   62   54   51   50   52   54   55   58   61   64   66   66   64   61   59   60
   63   66   69   72   74   76   77   78   77   77   77   78   79   79   79   77
   74   71   68   66   63   61   61   63   69   76   82   87   90   92   94   94
   94   95   99  104  111  117  121  123  123
    37.5-180.0 180.0   5.0 450.0                            LAT/LON1/LON2/DLON/H
  135  132  125  118  112  110  109  107  106  107  107  106  103   98   89   78
   66   57   52   53   56   59   62   65   68   70   71   69   66   61   59   59
   63   66   69   72   74   76   77   77   77   77   78   79   80   80   79   77
   75   71   69   66   64   62   62   66   73   80   86   90   94   96   98   99
   98   99  101  107  114  123  131  135  135
    35.0-180.0 180.0   5.0 450.0                            LAT/LON1/LON2/DLON/H
  151  150  139  129  124  121  120  116  113  112  112  111  110  106   99   87
   73   61   56   57   60   64   68   70   71   72   71   68   64   60   57   58
   61   65   68   71   72   75   76   76   76   76   77   78   78   79   78   77
   73   69   67   64   62   61   63   68   76   83   88   93   97  100  102  104
  104  104  107  112  121  132  144  151  151
    32.5-180.0 180.0   5.0 450.0                            LAT/LON1/LON2/DLON/H
  178  174  162  150  143  140  137  131  124  119  115  116  117  116  109   98
   83   69   62   61   64   68   70   71   70   70   68   65   61   58   55   56
   60   65   68   70   72   74   75   75   76   76   76   77   77   77   76   73
   70   66   62   60   58   58   62   69   78   85   91   95   98  102  106  111
  112  114  117  123  133  147  162  174  178
    30.0-180.0 180.0   5.0 450.0                            LAT/LON1/LON2/DLON/H
  210  207  197  183  173  169  164  151  137  126  120  119  122  123  119  110
   93   78   68   66   68   70   70   68   67   65   64   62   59   57   56   58
   62   66   69   71   72   72   72   73   74   75   75   75   74   73   71   68
   64   60   57   55   54   55   59   68   78   87   93   96  100  105  111  119
  124  129  134  142  152  168  187  204  210
    27.5-180.0 180.0   5.0 450.0                            LAT/LON1/LON2/DLON/H
  246  246  238  227  217  211  200  180  157  137  126  123  126  129  127  120
  105   89   77   71   70   69   67   64   62   62   61   61   61   61   62   64
   66   69   72   71   71   71   71   72   73   73   73   72   69   67   64   60
   57   54   51   49   49   51   57   67   79   88   95   99  102  108  118  130
  140  149  158  167  179  196  219  239  246
    25.0-180.0 180.0   5.0 450.0                            LAT/LON1/LON2/DLON/H
  284  287  283  276  270  262  247  216  182  151  133  126  128  133  133  127
  114  100   86   76   71   68   65   61   60   61   63   64   66   69   71   72
   73   74   74   73   73   71   71   72   72   72   71   69   65   61   58   54
   50   47   46   45   45   48   55   67   80   90   98  103  108  116  128  144
  161  174  186  198  211  229  251  272  284
    22.5-180.0 180.0   5.0 450.0                            LAT/LON1/LON2/DLON/H
  321  325  328  327  324  316  294  255  210  169  143  130  129  134  135  130
  121  108   93   80   72   67   64   62   63   66   70   74   77   81   82   81
   81   81   78   76   75   73   73   72   72   70   68   65   60   57   52   48
   45   43   42   42   43   47   55   68   82   94  103  110  116  126  141  161
  184  202  221  232  245  261  281  304  321
    20.0-180.0 180.0   5.0 450.0                            LAT/LON1/LON2/DLON/H
  352  361  365  371  372  362  339  292  237  187  155  137  131  132  132  130
  124  113   97   83   73   69   67   69   72   78   84   88   92   94   94   91
   90   88   84   81   79   76   75   73   70   68   65   61   57   53   48   43
   41   40   40   41   43   48   57   71   85  100  111  119  128  139  158  181
  206  228  251  264  277  290  308  331  352
    17.5-180.0 180.0   5.0 450.0                            LAT/LON1/LON2/DLON/H
  371  387  394  404  410  400  372  329  269  211  171  147  134  131  128  127
  124  115  100   86   76   73   75   81   87   94  101  105  107  109  108  102
   99   95   91   85   83   78   77   73   70   66   62   58   54   50   45   40
   39   39   40   42   45   51   60   75   91  107  120  130  141  156  176  201
  226  250  272  289  302  310  325  348  371
    15.0-180.0 180.0   5.0 450.0                            LAT/LON1/LON2/DLON/H
  370  392  408  419  427  422  396  356  300  239  193  162  142  132  126  124
  123  116  104   91   82   83   89   98  107  113  118  121  121  121  119  111
  104   99   95   88   86   81   79   75   70   66   61   56   52   47   43   40
   38   39   40   42   46   54   64   79   97  114  129  141  155  173  195  219
  242  265  283  296  304  311  324  346  370
    12.5-180.0 180.0   5.0 450.0                            LAT/LON1/LON2/DLON/H
  352  377  399  411  423  424  402  366  319  266  218  182  155  140  128  124
  125  119  108   97   93   97  106  117  125  130  132  133  130  129  125  116
  108  103   98   92   90   86   83   77   72   67   61   56   52   47   44   41
   40   40   41   42   47   55   67   83  102  119  135  150  167  186  208  231
  252  270  283  290  294  298  309  327  352
    10.0-180.0 180.0   5.0 450.0                            LAT/LON1/LON2/DLON/H
  325  348  369  384  398  404  390  361  325  284  242  205  174  153  136  129
  128  124  116  107  106  113  125  137  142  145  143  139  133  130  125  118
  111  107  100   93   91   88   85   79   73   68   62   58   52   48   45   43
   41   41   40   42   45   54   68   86  105  122  137  154  173  194  215  234
  255  268  277  280  280  281  289  305  325
     7.5-180.0 180.0   5.0 450.0                            LAT/LON1/LON2/DLON/H
  295  314  333  348  362  370  363  345  321  291  261  225  194  170  150  139
  136  133  126  122  123  132  144  153  155  155  148  138  131  128  125  119
  115  110  102   95   93   90   85   79   74   69   64   59   54   49   46   44
   42   41   39   39   43   54   69   88  107  122  137  154  174  197  217  236
  253  264  271  271  268  267  272  282  295
     5.0-180.0 180.0   5.0 450.0                            LAT/LON1/LON2/DLON/H
  273  285  300  315  325  331  329  321  309  293  272  244  215  190  171  156
  149  146  139  139  144  153  163  166  163  155  145  132  125  126  125  121
  118  114  106   99   96   89   84   79   75   71   65   60   55   50   48   45
   43   41   39   38   43   54   72   91  108  121  134  149  170  194  216  233
  248  259  266  267  263  261  263  267  273
     2.5-180.0 180.0   5.0 450.0                            LAT/LON1/LON2/DLON/H
  266  271  280  292  300  303  301  297  294  289  277  257  234  211  194  179
  169  164  157  158  165  175  182  177  166  153  137  124  120  123  124  121
  120  117  110  100   96   89   84   78   74   70   65   60   56   52   50   47
   45   42   40   39   43   55   73   92  107  118  128  142  162  187  209  227
  240  253  264  268  268  266  266  266  266
