data/7 day dataset/IGS corrections/igsg3040.20i
     1.0            IONOSPHERE MAPS     MIX                 IONEX VERSION / TYPE
cmpcmb v1.2          GRL/UWM            12-nov-20 16:55     PGM / RUN BY / DATE 
ionex file containing IGS COMBINED Ionosphere maps          COMMENT             
global ionosphere maps for day 304, 2020                    DESCRIPTION         
IONEX file containing the COMBINED IGS TEC MAPS and DCBs    DESCRIPTION         
      IONEX files of the following IAACs were combined: cod DESCRIPTION         
                                                        esa DESCRIPTION         
                                                        jpl DESCRIPTION         
                                                        upc DESCRIPTION         
Contact address: Andrzej Krankowski                         DESCRIPTION
                 Geodynamics Research Laboratory            DESCRIPTION
                 University of Warmia and Mazury (GRL/UWM)  DESCRIPTION
                 Oczapowski St. 1                           DESCRIPTION
                 10-957-Olsztyn, POLAND                     DESCRIPTION
                 e-mail:  kand@uwm.edu.pl                   DESCRIPTION
                                                            DESCRIPTION         
  2020    10    30     0     0     0                        EPOCH OF FIRST MAP  
  2020    10    31     0     0     0                        EPOCH OF LAST MAP   
  7200                                                      INTERVAL            
    13                                                      # OF MAPS IN FILE   
  COSZ                                                      MAPPING FUNCTION    
     0.0                                                    ELEVATION CUTOFF    
combined TEC calculated as weighted mean of input TEC valuesOBSERVABLES USED    
   421                                                      # OF STATIONS       
    31                                                      # OF SATELLITES     
  6371.0                                                    BASE RADIUS         
     2                                                      MAP DIMENSION       
   450.0 450.0   0.0                                        HGT1 / HGT2 / DHGT  
    87.5 -87.5  -2.5                                        LAT1 / LAT2 / DLAT  
  -180.0 180.0   5.0                                        LON1 / LON2 / DLON  
    -1                                                      EXPONENT            
TEC values in 0.1 tec units;  9999, if no value available   COMMENT             
DCB values in nanoseconds, reference is Sum_of_SatDCBs = 0  COMMENT             
                                                            END OF HEADER       
[from data line 429]
     2                                                      START OF TEC MAP    
  2020    10    30     2     0     0                        EPOCH OF CURRENT MAP
    87.5-180.0 180.0   5.0 450.0                            LAT/LON1/LON2/DLON/H
   42   42   42   42   42   42   42   42   41   41   41   41   40   40   40   39
   39   38   38   38   37   37   37   36   36   36   35   35   35   35   35   35
   35   35   35   35   35   35   36   36   36   36   37   37   37   37   38   38
   38   38   38   39   39   39   40   40   40   40   41   41   41   41   41   42
   42   42   42   42   43   43   43   43   42
    85.0-180.0 180.0   5.0 450.0                            LAT/LON1/LON2/DLON/H
   45   45   45   45   45   45   44   43   43   42   41   41   40   39   38   37
   36   35   34   33   33   32   31   30   29   29   28   28   28   28   28   28
   29   29   30   30   31   31   31   31   32   32   33   33   33   34   34   34
   35   35   36   36   36   36   37   38   38   39   39   40   40   41   41   42
   42   43   43   44   44   44   44   45   45
    82.5-180.0 180.0   5.0 450.0                            LAT/LON1/LON2/DLON/H
   45   45   45   44   44   43   43   42   40   40   39   38   36   35   34   33
   32   30   30   28   28   26   25   24   23   23   23   22   22   22   22   23
   23   23   24   24   25   26   26   27   28   29   29   30   30   31   31   31
   32   32   32   32   33   33   33   34   35   36   37   38   39   40   41   41
   42   42   44   44   44   45   45   46   45
    80.0-180.0 180.0   5.0 450.0                            LAT/LON1/LON2/DLON/H
   46   45   45   44   43   42   41   40   39   38   37   35   34   32   30   28
   27   26   24   23   22   21   20   19   18   17   17   17   16   17   17   18
   19   19   20   21   22   23   24   25   25   26   26   26   27   27   27   28
   28   28   28   28   29   29   30   31   32   33   35   37   38   40   41   41
   43   44   44   45   46   46   46   46   46
    77.5-180.0 180.0   5.0 450.0                            LAT/LON1/LON2/DLON/H
   47   46   45   44   43   41   40   38   37   35   34   32   30   29   27   26
   24   24   22   21   20   19   17   16   17   15   15   15   14   14   15   16
   17   18   19   19   20   21   22   23   23   23   24   24   24   24   24   24
   24   24   24   25   25   26   28   29   31   33   35   36   39   41   42   43
   45   46   47   47   47   47   47   47   47
    75.0-180.0 180.0   5.0 450.0                            LAT/LON1/LON2/DLON/H
   48   47   46   45   43   41   40   38   36   33   31   30   28   27   25   24
   22   21   21   20   19   19   18   17   16   17   16   15   15   15   15   15
   16   17   18   19   20   20   21   22   21   21   21   21   21   22   21   21
   21   21   21   21   23   24   26   29   31   33   36   38   41   43   45   46
   48   49   49   50   50   50   49   49   48
    72.5-180.0 180.0   5.0 450.0                            LAT/LON1/LON2/DLON/H
   51   50   48   46   44   42   40   38   36   33   31   29   27   25   24   22
   21   20   20   20   20   20   21   20   19   19   18   18   18   17   17   17
   17   18   19   19   20   20   20   20   19   19   19   19   19   19   19   19
   19   19   19   20   22   24   27   30   33   36   39   42   45   48   49   51
   52   52   53   54   54   53   53   52   51
    70.0-180.0 180.0   5.0 450.0                            LAT/LON1/LON2/DLON/H
   55   53   51   49   47   44   42   40   37   34   31   28   26   24   23   22
   21   21   21   22   23   23   25   24   23   22   22   21   20   20   20   20
   20   20   20   20   20   19   18   18   17   16   16   16   16   17   17   17
   17   18   19   20   22   25   28   32   36   40   44   47   51   53   55   56
   57   57   58   58   58   58   57   56   55
    67.5-180.0 180.0   5.0 450.0                            LAT/LON1/LON2/DLON/H
   60   58   56   53   51   48   45   42   39   36   32   29   26   24   23   22
   21   21   22   23   25   26   28   28   27   25   24   23   23   22   22   22
   22   22   21   20   19   18   16   16   15   14   14   14   14   15   16   16
   17   18   19   21   24   27   32   36   41   45   49   53   56   58   60   61
   62   62   63   63   63   63   62   62   60
    65.0-180.0 180.0   5.0 450.0                            LAT/LON1/LON2/DLON/H
   66   64   61   58   55   52   49   45   41   38   34   30   27   24   23   22
   22   22   22   25   26   28   29   29   28   26   25   25   24   23   23   24
   23   23   22   20   19   17   15   14   13   12   13   13   14   15   16   17
   18   19   20   23   27   31   36   41   46   51   55   58   61   63   64   65
   66   66   66   67   67   67   67   67   66
    62.5-180.0 180.0   5.0 450.0                            LAT/LON1/LON2/DLON/H
   71   69   67   63   60   56   52   48   44   40   36   32   29   26   23   23
   22   22   24   26   27   29   29   28   27   25   24   24   23   23   23   24
   23   23   22   21   19   17   16   14   13   13   13   13   15   15   17   18
   19   21   23   27   31   36   41   47   52   56   60   64   65   67   67   68
   68   68   68   69   70   71   72   72   71
    60.0-180.0 180.0   5.0 450.0                            LAT/LON1/LON2/DLON/H
   76   74   72   69   64   60   55   51   46   42   38   34   31   28   26   24
   24   23   25   26   26   27   26   24   24   23   22   22   22   23   23   24
   24   23   23   22   21   19   18   16   15   15   15   16   17   18   19   20
   21   23   26   31   36   41   47   53   58   62   65   68   70   71   71   71
   71   71   70   71   73   74   75   76   76
    57.5-180.0 180.0   5.0 450.0                            LAT/LON1/LON2/DLON/H
   80   79   76   74   69   64   59   54   49   43   39   36   33   30   28   27
   26   25   25   24   24   23   23   21   21   21   21   22   23   23   24   26
   26   25   25   25   25   23   23   22   21   21   21   21   21   22   21   22
   24   27   31   36   42   48   54   60   64   68   71   74   75   76   77   76
   75   74   74   74   76   76   78   79   80
    55.0-180.0 180.0   5.0 450.0                            LAT/LON1/LON2/DLON/H
   83   83   81   79   75   69   64   58   52   46   41   38   35   33   31   29
   28   26   26   24   23   22   21   20   20   22   23   25   27   27   28   30
   30   30   30   30   30   30   30   29   29   28   28   27   26   26   25   26
   28   31   36   42   49   55   61   67   71   75   77   80   82   83   84   84
   82   81   80   79   80   80   81   82   83
    52.5-180.0 180.0   5.0 450.0                            LAT/LON1/LON2/DLON/H
   87   87   86   84   80   75   69   62   56   49   44   39   37   35   34   32
   30   29   27   26   24   23   22   23   24   27   29   33   35   36   37   38
   37   37   38   38   38   38   39   39   38   37   36   34   32   31   30   30
   32   36   42   49   57   64   70   75   79   82   84   87   90   92   93   93
   92   90   89   87   86   85   85   86   87
    50.0-180.0 180.0   5.0 450.0                            LAT/LON1/LON2/DLON/H
   90   91   90   89   87   82   76   69   62   54   48   43   40   38   36   35
   33   32   30   29   28   27   27   29   32   36   39   43   46   47   47   47
   45   46   46   46   46   47   48   48   48   46   44   41   39   36   35   35
   38   42   49   58   65   72   79   83   86   89   92   95   98  101  103  104
  103  102  100   97   94   92   90   90   90
    47.5-180.0 180.0   5.0 450.0                            LAT/LON1/LON2/DLON/H
   95   96   95   94   93   89   84   77   69   61   54   48   43   40   38   37
   36   35   34   34   33   34   36   40   44   49   53   57   58   59   58   56
   55   54   54   54   54   55   56   56   56   54   51   48   44   41   39   40
   43   49   57   67   75   82   88   92   94   97  100  103  106  110  112  115
  116  114  111  107  103   99   96   95   95
    45.0-180.0 180.0   5.0 450.0                            LAT/LON1/LON2/DLON/H
  100  101  100   99   99   96   92   86   78   69   61   53   48   43   41   39
   39   38   38   39   41   43   47   52   57   62   66   69   69   68   67   64
   62   61   60   60   60   61   63   63   62   60   56   52   49   45   44   45
   50   57   67   76   85   93   98  101  104  106  108  110  114  117  121  125
  126  125  122  117  111  107  103  101  100
    42.5-180.0 180.0   5.0 450.0                            LAT/LON1/LON2/DLON/H
  107  107  105  104  104  101   98   93   86   78   69   60   52   47   44   41
   41   42   43   46   49   53   58   65   70   75   77   78   77   74   73   70
   68   67   66   65   64   65   66   67   66   64   60   55   52   49   49   51
   56   64   75   85   94  102  107  111  113  114  116  117  121  124  127  132
  134  134  132  127  121  115  112  109  107
    40.0-180.0 180.0   5.0 450.0                            LAT/LON1/LON2/DLON/H
  118  116  114  110  107  104  102   99   93   86   77   67   57   51   47   44
   44   45   47   52   56   61   68   74   80   83   84   83   80   76   75   73
   72   71   69   68   67   66   67   68   67   65   62   58   55   53   53   56
   61   71   81   93  103  111  116  119  122  123  125  125  127  130  133  137
  141  142  141  136  130  124  122  120  118
    37.5-180.0 180.0   5.0 450.0                            LAT/LON1/LON2/DLON/H
  133  131  126  119  113  108  106  103  100   93   84   74   64   56   51   48
   47   49   52   57   62   68   74   80   85   88   86   83   79   75   74   73
   73   73   72   70   68   67   67   68   68   66   64   61   59   57   58   60
   66   74   87   99  110  118  123  128  131  133  134  134  134  136  138  143
  147  150  150  146  141  137  136  136  133
    35.0-180.0 180.0   5.0 450.0                            LAT/LON1/LON2/DLON/H
  157  152  144  134  123  115  109  106  104   99   91   80   69   61   56   52
   51   53   56   61   67   72   78   83   87   87   85   80   75   72   72   71
   73   74   72   70   67   66   66   67   67   67   65   63   62   61   61   63
   68   78   90  104  115  124  131  137  141  143  145  144  144  145  148  153
  158  162  163  160  156  153  156  159  157
    32.5-180.0 180.0   5.0 450.0                            LAT/LON1/LON2/DLON/H
  189  184  174  157  140  125  115  109  107  103   96   85   75   67   61   58
   57   57   60   65   69   73   79   83   84   84   80   75   70   67   68   69
   71   72   72   69   66   65   65   65   66   66   66   64   63   62   62   64
   69   79   92  107  120  130  139  146  151  155  158  158  158  159  163  168
  174  180  184  181  178  177  183  190  189
    30.0-180.0 180.0   5.0 450.0                            LAT/LON1/LON2/DLON/H
  231  226  211  189  165  143  127  115  110  106  100   91   81   73   67   63
   62   62   64   67   70   73   77   79   80   78   75   70   66   65   66   67
   69   70   70   67   65   63   63   64   65   66   65   65   63   62   61   63
   68   79   94  110  125  137  147  155  163  168  172  175  177  180  184  190
  198  203  211  210  207  210  219  229  231
    27.5-180.0 180.0   5.0 450.0                            LAT/LON1/LON2/DLON/H
  278  275  256  228  197  168  144  124  113  109  104   95   86   78   72   68
   66   66   67   69   71   72   74   75   76   74   71   68   65   65   65   67
   68   68   68   66   64   62   61   61   63   64   63   62   61   59   59   61
   67   79   95  112  129  144  156  166  176  184  190  194  199  205  212  220
  225  232  244  244  242  248  259  272  278
    25.0-180.0 180.0   5.0 450.0                            LAT/LON1/LON2/DLON/H
  329  323  308  274  235  199  165  137  120  112  107   99   90   83   76   72
   69   68   70   72   72   72   73   74   73   71   69   67   67   67   68   67
   67   66   65   64   62   60   59   58   59   60   59   58   56   55   55   58
   65   79   98  116  136  152  166  178  190  201  209  215  223  233  242  250
  256  264  280  282  283  291  304  320  329
    22.5-180.0 180.0   5.0 450.0                            LAT/LON1/LON2/DLON/H
  374  374  355  326  282  237  195  157  131  119  112  104   94   86   79   73
   70   70   72   73   74   73   73   74   73   72   70   69   70   71   71   69
   68   66   63   63   62   59   57   56   55   55   54   52   50   49   50   55
   65   80  100  122  143  160  175  190  204  218  230  238  250  262  272  280
  286  297  312  318  326  333  347  363  374
    20.0-180.0 180.0   5.0 450.0                            LAT/LON1/LON2/DLON/H
  406  411  402  379  335  285  233  188  151  132  120  110  100   90   81   74
   69   70   73   74   74   74   75   77   77   75   73   73   76   78   78   73
   70   66   64   63   61   59   56   53   51   49   47   45   43   43   46   53
   66   83  105  129  151  169  185  200  215  232  247  260  275  287  296  303
  309  321  335  346  358  365  379  395  406
    17.5-180.0 180.0   5.0 450.0                            LAT/LON1/LON2/DLON/H
  419  427  431  420  385  334  279  227  181  151  132  119  109   96   84   75
   69   69   72   74   75   76   79   81   81   79   77   79   84   86   85   78
   74   69   67   65   63   60   56   51   47   43   41   39   38   39   43   53
   68   88  111  135  158  176  193  209  225  243  261  277  292  304  311  315
  321  333  343  358  369  379  395  410  419
    15.0-180.0 180.0   5.0 450.0                            LAT/LON1/LON2/DLON/H
  414  423  434  436  419  375  324  272  217  175  150  133  120  105   90   80
   73   72   74   75   76   77   83   86   86   85   83   87   92   95   94   88
   80   75   71   69   67   62   56   50   44   39   37   35   34   36   43   55
   71   93  117  141  162  181  199  216  233  251  270  287  301  311  315  317
  321  330  339  351  364  375  390  404  414
    12.5-180.0 180.0   5.0 450.0                            LAT/LON1/LON2/DLON/H
  390  400  415  427  427  401  358  310  252  204  175  151  133  118  100   88
   80   77   76   77   78   80   86   90   92   90   89   94  103  106  105   97
   90   82   78   75   71   65   58   51   44   38   35   33   33   36   44   57
   75   98  121  143  164  182  201  220  238  255  273  289  301  307  310  310
  313  318  327  336  348  358  370  383  390
    10.0-180.0 180.0   5.0 450.0                            LAT/LON1/LON2/DLON/H
  359  367  382  402  415  405  373  332  280  229  194  171  152  134  117  101
   92   86   84   82   81   83   90   96   97   96   96  102  111  114  113  107
   99   90   85   81   75   69   61   53   45   40   36   34   34   38   45   59
   78  101  123  144  163  181  200  219  238  256  272  285  295  300  300  299
  302  307  314  321  329  337  347  355  359
     7.5-180.0 180.0   5.0 450.0                            LAT/LON1/LON2/DLON/H
  330  333  345  367  388  395  373  342  301  254  218  195  174  156  138  120
  109  102   96   92   87   88   94  102  104  104  105  111  119  122  121  116
  107   98   93   86   79   72   64   57   49   44   40   37   36   38   46   60
   80  102  123  143  161  179  198  218  236  254  268  280  288  291  291  292
  295  301  307  312  316  320  327  330  330
     5.0-180.0 180.0   5.0 450.0                            LAT/LON1/LON2/DLON/H
  312  310  317  337  360  375  368  344  312  273  240  218  198  181  164  146
  133  123  114  106   98   97  103  112  116  117  120  125  130  132  130  124
  114  106   99   89   81   75   68   61   54   48   43   40   37   39   46   61
   81  102  123  141  159  177  195  215  233  249  264  275  281  283  285  288
  294  302  309  312  313  314  316  316  312
     2.5-180.0 180.0   5.0 450.0                            LAT/LON1/LON2/DLON/H
  311  304  304  317  339  358  360  344  319  287  258  237  221  206  192  176
  162  151  138  128  116  112  116  125  131  135  139  142  144  143  140  130
  119  110  101   90   82   76   70   64   58   51   46   42   39   40   47   61
   80  101  121  140  157  174  190  210  229  245  257  267  273  277  282  288
  298  310  319  323  324  323  321  318  311
