data/7 day dataset/IGS corrections/igsg3030.20i
     1.0            IONOSPHERE MAPS     MIX                 IONEX VERSION / TYPE
cmpcmb v1.2          GRL/UWM            12-nov-20 16:49     PGM / RUN BY / DATE 
ionex file containing IGS COMBINED Ionosphere maps          COMMENT             
global ionosphere maps for day 303, 2020                    DESCRIPTION         
IONEX file containing the COMBINED IGS TEC MAPS and DCBs    DESCRIPTION         
      IONEX files of the following IAACs were combined: cod DESCRIPTION         
                                                        esa DESCRIPTION         
                                                        jpl DESCRIPTION         
                                                        upc DESCRIPTION         
Contact address: Andrzej Krankowski                         DESCRIPTION
                 Geodynamics Research Laboratory            DESCRIPTION
                 University of Warmia and Mazury (GRL/UWM)  DESCRIPTION
                 Oczapowski St. 1                           DESCRIPTION
                 10-957-Olsztyn, POLAND                     DESCRIPTION
                 e-mail:  kand@uwm.edu.pl                   DESCRIPTION
                                                            DESCRIPTION         
  2020    10    29     0     0     0                        EPOCH OF FIRST MAP  
  2020    10    30     0     0     0                        EPOCH OF LAST MAP   
  7200                                                      INTERVAL            
    13                                                      # OF MAPS IN FILE   
  COSZ                                                      MAPPING FUNCTION    
     0.0                                                    ELEVATION CUTOFF    
combined TEC calculated as weighted mean of input TEC valuesOBSERVABLES USED    
   418                                                      # OF STATIONS       
    31                                                      # OF SATELLITES     
  6371.0                                                    BASE RADIUS         
     2                                                      MAP DIMENSION       
   450.0 450.0   0.0                                        HGT1 / HGT2 / DHGT  
    87.5 -87.5  -2.5                                        LAT1 / LAT2 / DLAT  
  -180.0 180.0   5.0                                        LON1 / LON2 / DLON  
    -1                                                      EXPONENT            
TEC values in 0.1 tec units;  9999, if no value available   COMMENT             
DCB values in nanoseconds, reference is Sum_of_SatDCBs = 0  COMMENT             
                                                            END OF HEADER       
[from data line 3432]
     9                                                      START OF TEC MAP    
  2020    10    29    16     0     0                        EPOCH OF CURRENT MAP
    87.5-180.0 180.0   5.0 450.0                            LAT/LON1/LON2/DLON/H
   50   50   50   51   51   51   51   52   52   52   53   54   54   54   54   55
   56   56   56   56   57   56   57   57   57   56   56   55   55   55   54   54
   54   53   53   52   52   52   52   51   50   50   49   49   49   49   49   48
   48   49   48   48   48   48   48   48   48   48   48   49   49   49   49   49
   49   49   49   49   50   50   49   49   50
    85.0-180.0 180.0   5.0 450.0                            LAT/LON1/LON2/DLON/H
   46   47   48   49   50   50   51   52   53   53   54   55   55   56   56   56
   57   57   58   59   59   60   60   60   60   59   59   59   59   59   58   57
   56   54   54   52   51   50   49   48   47   46   45   45   45   44   44   44
   44   44   44   44   44   43   44   44   44   45   45   45   46   46   46   46
   46   46   45   45   44   45   45   46   46
    82.5-180.0 180.0   5.0 450.0                            LAT/LON1/LON2/DLON/H
   43   44   45   46   46   46   47   47   49   50   52   53   56   56   59   60
   60   61   60   60   60   61   63   63   61   61   60   59   58   56   55   54
   53   52   51   50   49   47   46   45   44   43   42   41   41   40   40   40
   40   40   41   41   41   41   41   41   41   41   42   42   42   43   44   44
   43   42   42   41   41   41   42   42   43
    80.0-180.0 180.0   5.0 450.0                            LAT/LON1/LON2/DLON/H
   40   41   41   41   42   43   45   46   48   49   50   52   54   56   59   61
   64   67   67   69   67   65   64   66   65   61   59   57   56   55   53   51
   49   48   46   45   44   44   43   43   41   40   39   38   37   37   37   37
   37   38   38   39   40   40   40   40   40   41   40   41   41   41   41   41
   40   39   39   38   38   38   39   40   40
    77.5-180.0 180.0   5.0 450.0                            LAT/LON1/LON2/DLON/H
   38   38   38   39   40   41   42   43   44   46   48   51   53   57   59   60
   62   65   69   71   73   72   71   70   68   66   64   61   59   56   54   52
   49   47   45   44   42   40   39   38   38   38   37   35   35   34   35   35
   36   37   38   39   40   40   40   40   40   40   40   40   39   39   39   39
   39   38   38   38   38   37   37   37   38
    75.0-180.0 180.0   5.0 450.0                            LAT/LON1/LON2/DLON/H
   36   37   37   38   39   39   40   41   43   45   47   48   51   53   57   62
   65   67   69   72   75   75   76   74   72   70   67   63   59   55   52   50
   47   45   42   40   39   38   37   36   35   35   34   33   32   32   33   33
   35   36   37   38   40   40   41   40   40   40   39   39   39   39   39   39
   38   38   37   37   37   36   36   36   36
    72.5-180.0 180.0   5.0 450.0                            LAT/LON1/LON2/DLON/H
   35   35   35   37   37   37   37   39   41   43   44   46   48   54   58   62
   64   67   72   77   82   83   82   81   79   74   71   67   62   58   53   50
   47   44   41   39   37   35   34   34   33   32   32   31   30   30   31   32
   34   35   36   37   39   40   40   40   39   39   39   39   39   39   39   39
   38   37   37   36   35   34   34   34   35
    70.0-180.0 180.0   5.0 450.0                            LAT/LON1/LON2/DLON/H
   33   33   34   34   35   35   36   37   38   40   42   44   48   53   58   62
   64   70   76   84   89   92   91   90   88   83   77   72   67   61   56   51
   47   45   41   38   36   35   33   31   30   29   28   28   28   28   29   30
   32   34   35   36   37   38   38   38   38   38   38   37   37   37   38   38
   37   36   36   35   34   33   33   33   33
    67.5-180.0 180.0   5.0 450.0                            LAT/LON1/LON2/DLON/H
   31   31   32   33   34   35   35   36   36   38   40   43   48   52   56   61
   66   73   82   90   97  101  101  100   97   92   86   78   72   66   60   55
   50   45   42   39   37   34   32   31   30   27   26   26   26   26   27   28
   30   32   34   34   35   35   35   34   34   34   34   34   34   34   35   35
   35   35   34   33   32   31   31   30   31
    65.0-180.0 180.0   5.0 450.0                            LAT/LON1/LON2/DLON/H
   29   30   31   33   34   34   34   35   36   37   39   42   46   50   55   61
   67   75   86   94  103  110  110  110  107  101   94   87   80   73   68   62
   56   51   46   43   39   36   34   32   30   28   26   24   24   24   25   25
   27   29   30   30   30   29   29   28   29   29   30   30   30   30   31   32
   32   32   31   30   30   29   29   28   29
    62.5-180.0 180.0   5.0 450.0                            LAT/LON1/LON2/DLON/H
   28   29   31   32   33   33   33   34   35   37   39   42   46   50   56   61
   69   77   88   98  108  115  117  117  114  110  103   97   90   85   78   73
   66   60   53   49   45   41   38   35   32   30   27   25   24   24   23   23
   24   25   26   25   25   24   24   24   24   25   25   26   26   27   28   29
   29   29   28   28   28   26   26   27   28
    60.0-180.0 180.0   5.0 450.0                            LAT/LON1/LON2/DLON/H
   27   29   30   32   32   33   32   33   34   37   40   44   48   51   57   63
   70   79   90  101  111  117  120  121  118  116  111  107  101   96   90   84
   76   69   61   56   51   47   43   40   38   35   32   28   26   24   23   23
   23   23   24   23   23   22   22   22   22   23   23   24   25   26   26   27
   27   27   27   27   26   26   25   26   27
    57.5-180.0 180.0   5.0 450.0                            LAT/LON1/LON2/DLON/H
   28   29   31   32   32   32   32   33   34   37   41   45   50   54   59   65
   73   82   92  103  111  118  121  122  120  119  116  113  110  106  100   93
   86   78   71   64   59   54   50   47   44   40   37   34   30   27   26   25
   25   24   24   24   23   23   23   24   24   25   25   26   26   27   27   28
   28   28   28   28   27   26   26   27   28
    55.0-180.0 180.0   5.0 450.0                            LAT/LON1/LON2/DLON/H
   30   31   32   33   33   33   33   34   36   39   43   48   52   57   63   69
   76   85   94  103  111  116  120  120  121  120  118  117  117  116  110  104
   97   89   81   72   67   61   58   55   51   48   44   40   36   33   30   29
   28   27   27   27   26   27   28   28   30   30   30   31   30   31   31   31
   31   31   31   31   30   29   29   29   30
    52.5-180.0 180.0   5.0 450.0                            LAT/LON1/LON2/DLON/H
   34   35   35   35   35   35   35   37   39   43   47   52   57   62   67   73
   80   88   96  103  109  115  117  118  119  120  121  122  124  124  120  115
  108   99   91   83   75   70   65   62   59   56   52   47   43   40   37   35
   34   34   33   33   33   33   35   36   37   38   38   39   38   37   37   36
   36   36   36   35   34   34   33   34   34
    50.0-180.0 180.0   5.0 450.0                            LAT/LON1/LON2/DLON/H
   40   41   40   40   39   39   39   41   45   48   53   57   62   67   72   78
   85   91   98  104  109  114  116  118  120  122  124  127  130  131  129  125
  118  110  102   92   84   78   73   70   67   64   60   55   51   47   45   43
   43   42   41   41   41   42   44   45   46   48   48   48   47   45   44   43
   42   42   42   41   40   39   40   40   40
    47.5-180.0 180.0   5.0 450.0                            LAT/LON1/LON2/DLON/H
   47   47   46   44   44   44   44   46   51   55   59   63   67   72   77   84
   90   96  101  106  110  114  117  121  123  126  129  133  135  137  135  133
  126  119  111  101   94   88   83   78   75   71   66   62   58   55   53   52
   51   51   50   50   51   52   53   54   56   56   57   57   55   54   52   51
   50   49   48   46   45   45   45   46   47
    45.0-180.0 180.0   5.0 450.0                            LAT/LON1/LON2/DLON/H
   52   52   51   49   48   49   49   52   57   62   66   69   73   78   84   90
   96  102  105  110  114  118  122  126  130  134  137  139  140  140  139  137
  133  127  120  112  105   99   93   88   82   77   72   67   63   61   59   59
   58   59   58   58   59   60   61   62   63   63   63   63   62   60   59   58
   57   55   54   52   50   50   50   51   52
    42.5-180.0 180.0   5.0 450.0                            LAT/LON1/LON2/DLON/H
   55   56   55   53   51   51   53   57   63   69   73   76   80   85   91   98
  104  108  111  115  119  123  128  135  141  145  146  146  144  142  141  140
  139  135  131  125  119  112  105   97   89   82   76   70   67   65   64   64
   64   64   64   64   65   65   66   67   67   67   66   66   66   65   64   64
   63   61   59   57   55   54   54   54   55
    40.0-180.0 180.0   5.0 450.0                            LAT/LON1/LON2/DLON/H
   56   56   55   54   52   52   55   60   68   75   80   83   87   92   98  105
  110  114  117  120  124  130  136  144  151  155  155  153  149  145  144  144
  145  144  142  139  135  128  119  108   97   87   79   73   69   67   67   67
   68   68   67   67   68   68   68   68   68   67   67   67   68   67   67   67
   66   64   62   60   58   57   56   56   56
    37.5-180.0 180.0   5.0 450.0                            LAT/LON1/LON2/DLON/H
   56   55   54   53   51   51   55   62   71   80   85   89   93   99  105  112
  117  120  122  125  130  136  144  153  159  163  163  160  155  150  150  153
  156  157  157  155  152  145  134  120  107   94   83   76   71   69   68   68
   68   68   68   68   68   67   67   68   67   66   66   66   67   68   69   69
   68   66   64   61   60   58   57   56   56
    35.0-180.0 180.0   5.0 450.0                            LAT/LON1/LON2/DLON/H
   53   52   52   50   48   48   52   61   72   83   91   96  101  106  111  118
  122  125  127  131  135  142  149  159  165  167  169  167  163  161  164  170
  175  177  176  177  174  166  152  136  119  103   90   81   75   71   69   68
   68   68   67   67   67   66   66   66   66   65   65   66   67   68   69   69
   68   66   64   62   60   57   55   54   53
    32.5-180.0 180.0   5.0 450.0                            LAT/LON1/LON2/DLON/H
   48   47   47   45   43   43   48   59   72   85   94  102  107  113  119  124
  127  129  132  136  140  146  152  160  167  170  174  174  174  176  184  194
  200  202  202  202  197  189  172  155  135  116  100   89   81   76   72   70
   68   68   68   67   66   66   66   66   65   64   64   66   67   69   70   69
   68   66   64   61   59   56   53   50   48
    30.0-180.0 180.0   5.0 450.0                            LAT/LON1/LON2/DLON/H
   44   43   41   40   38   38   43   55   70   86   97  106  113  120  125  130
  132  134  136  140  145  149  153  159  166  171  177  181  188  198  212  224
  231  234  232  230  222  212  195  175  153  132  114  101   92   83   78   74
   72   72   72   72   70   68   68   67   67   66   66   68   69   71   71   70
   69   66   64   61   58   54   50   47   44
    27.5-180.0 180.0   5.0 450.0                            LAT/LON1/LON2/DLON/H
   41   39   38   36   34   33   39   51   68   85   99  110  119  126  132  136
  139  140  143  148  151  153  155  159  165  172  181  193  208  227  246  261
  270  270  268  260  250  238  217  196  173  151  133  120  108   96   89   84
   81   81   81   80   77   74   72   71   70   70   71   72   73   74   73   72
   70   67   64   61   57   53   48   43   41
    25.0-180.0 180.0   5.0 450.0                            LAT/LON1/LON2/DLON/H
   39   38   37   35   32   31   37   49   67   85  102  115  125  133  139  143
  146  150  153  157  159  159  160  163  169  178  191  210  234  261  287  304
  313  310  302  294  278  264  242  218  195  171  153  141  127  113  104   99
   96   96   93   92   89   83   81   79   77   77   77   78   79   78   77   74
   72   69   65   62   58   53   48   42   39
    22.5-180.0 180.0   5.0 450.0                            LAT/LON1/LON2/DLON/H
   38   37   36   35   32   32   38   51   69   88  106  120  131  141  147  152
  156  161  165  169  170  169  169  172  179  190  208  231  265  299  328  345
  355  348  337  326  310  288  263  237  213  193  177  164  149  133  124  118
  114  112  110  108  104   97   93   89   86   85   85   85   85   84   81   78
   75   71   66   63   59   54   48   42   38
    20.0-180.0 180.0   5.0 450.0                            LAT/LON1/LON2/DLON/H
   40   38   38   36   35   36   42   55   73   94  112  126  138  150  158  163
  167  174  180  185  186  185  184  188  196  211  231  258  292  337  363  379
  386  379  363  349  330  305  276  250  230  213  200  186  171  157  147  136
  133  132  130  127  121  113  106  100   97   94   93   92   91   89   86   82
   78   74   68   64   61   57   51   45   40
    17.5-180.0 180.0   5.0 450.0                            LAT/LON1/LON2/DLON/H
   44   41   40   39   38   40   47   61   79   99  118  134  147  161  170  177
  182  190  197  204  205  205  206  210  221  239  260  290  323  364  384  397
  403  396  378  360  338  312  285  262  246  233  219  207  191  177  166  157
  151  150  149  145  138  129  120  113  107  103  100   98   98   94   90   87
   82   77   70   66   63   60   55   49   44
    15.0-180.0 180.0   5.0 450.0                            LAT/LON1/LON2/DLON/H
   48   45   43   41   41   43   53   68   87  106  125  142  158  173  184  193
  200  209  216  223  226  228  231  238  251  271  294  322  353  379  394  403
  405  397  380  359  336  318  296  276  262  249  236  223  206  192  178  170
  167  167  165  162  154  144  133  124  116  110  105  103  102   97   94   90
   85   79   73   69   65   63   58   53   48
    12.5-180.0 180.0   5.0 450.0                            LAT/LON1/LON2/DLON/H
   52   48   46   43   43   46   57   76   95  113  133  152  168  186  199  210
  220  229  237  244  248  252  257  268  282  304  325  349  371  387  394  398
  396  389  374  357  338  324  308  293  280  266  253  236  217  199  184  178
  178  177  177  174  166  155  143  133  123  115  108  105  102   98   94   91
   86   80   74   70   67   65   62   57   52
    10.0-180.0 180.0   5.0 450.0                            LAT/LON1/LON2/DLON/H
   55   51   48   45   44   49   63   83  103  122  141  161  180  199  215  227
  239  248  255  263  268  274  283  295  312  332  350  366  378  385  387  388
  384  378  367  356  345  337  327  314  301  286  269  247  224  203  187  181
  181  182  184  181  173  163  152  140  129  118  110  104  100   94   92   89
   84   78   73   69   67   66   64   60   55
     7.5-180.0 180.0   5.0 450.0                            LAT/LON1/LON2/DLON/H
   57   53   49   46   46   53   69   89  110  129  148  169  190  211  229  243
  256  264  271  278  284  293  305  320  336  355  369  377  379  378  377  376
  373  371  366  363  360  358  351  340  324  306  282  254  226  203  188  181
  179  181  183  183  177  169  160  148  135  122  111  102   97   91   88   84
   81   76   71   67   66   66   64   61   57
     5.0-180.0 180.0   5.0 450.0                            LAT/LON1/LON2/DLON/H
   58   54   50   47   48   56   73   94  116  135  154  176  200  222  242  257
  268  277  282  289  297  309  325  340  355  371  380  383  379  374  371  370
  369  371  375  380  383  383  378  366  347  322  291  258  227  203  188  182
  179  180  182  183  180  174  166  156  142  126  113  102   96   88   85   80
   77   73   69   66   65   65   64   61   58
     2.5-180.0 180.0   5.0 450.0                            LAT/LON1/LON2/DLON/H
   58   54   50   48   50   61   78   99  121  140  159  182  207  231  251  265
  275  284  290  297  307  322  341  356  369  383  387  384  378  373  372  373
  376  383  393  402  407  408  402  388  366  335  298  263  229  207  194  185
  182  181  180  181  181  178  173  162  148  131  114  102   95   86   81   78
   74   71   68   66   65   65   64   61   58
