data/7 day dataset/IGS corrections/igsg3010.20i
     1.0            IONOSPHERE MAPS     MIX                 IONEX VERSION / TYPE
cmpcmb v1.2          GRL/UWM            12-nov-20 16:38     PGM / RUN BY / DATE 
ionex file containing IGS COMBINED Ionosphere maps          COMMENT             
global ionosphere maps for day 301, 2020                    DESCRIPTION         
IONEX file containing the COMBINED IGS TEC MAPS and DCBs    DESCRIPTION         
      IONEX files of the following IAACs were combined: cod DESCRIPTION         
                                                        esa DESCRIPTION         
                                                        jpl DESCRIPTION         
                                                        upc DESCRIPTION         
Contact address: Andrzej Krankowski                         DESCRIPTION
                 Geodynamics Research Laboratory            DESCRIPTION
                 University of Warmia and Mazury (GRL/UWM)  DESCRIPTION
                 Oczapowski St. 1                           DESCRIPTION
                 10-957-Olsztyn, POLAND                     DESCRIPTION
                 e-mail:  kand@uwm.edu.pl                   DESCRIPTION
                                                            DESCRIPTION         
  2020    10    27     0     0     0                        EPOCH OF FIRST MAP  
  2020    10    28     0     0     0                        EPOCH OF LAST MAP   
  7200                                                      INTERVAL            
    13                                                      # OF MAPS IN FILE   
  COSZ                                                      MAPPING FUNCTION    
     0.0                                                    ELEVATION CUTOFF    
combined TEC calculated as weighted mean of input TEC valuesOBSERVABLES USED    
   420                                                      # OF STATIONS       
    31                                                      # OF SATELLITES     
  6371.0                                                    BASE RADIUS         
     2                                                      MAP DIMENSION       
   450.0 450.0   0.0                                        HGT1 / HGT2 / DHGT  
    87.5 -87.5  -2.5                                        LAT1 / LAT2 / DLAT  
  -180.0 180.0   5.0                                        LON1 / LON2 / DLON  
    -1                                                      EXPONENT            
TEC values in 0.1 tec units;  9999, if no value available   COMMENT             
DCB values in nanoseconds, reference is Sum_of_SatDCBs = 0  COMMENT             
                                                            END OF HEADER       
[from data line 3861]
    10                                                      START OF TEC MAP    
  2020    10    27    18     0     0                        EPOCH OF CURRENT MAP
    87.5-180.0 180.0   5.0 450.0                            LAT/LON1/LON2/DLON/H
   29   29   29   30   31   31   31   31   32   32   32   32   33   33   33   33
   33   33   32   32   31   31   30   29   29   28   28   28   27   27   26   26
   25   25   25   24   24   23   23   23   23   22   22   22   22   22   22   22
   21   21   22   21   21   22   23   23   23   23   24   24   25   25   25   26
   26   27   27   27   27   28   28   29   29
    85.0-180.0 180.0   5.0 450.0                            LAT/LON1/LON2/DLON/H
   32   33   33   35   35   36   36   37   38   38   39   40   40   41   41   41
   40   40   40   39   38   37   36   35   34   33   32   31   30   30   29   28
   27   26   25   25   24   23   23   22   22   22   21   21   21   21   21   20
   21   20   20   20   20   21   21   21   22   23   23   23   24   25   25   26
   26   27   28   28   29   30   31   31   32
    82.5-180.0 180.0   5.0 450.0                            LAT/LON1/LON2/DLON/H
   33   34   35   36   38   39   39   41   42   42   44   45   46   47   47   47
   47   47   47   46   45   44   42   40   38   38   37   36   34   33   32   31
   30   28   28   26   26   24   24   23   22   22   21   21   21   21   21   21
   21   21   20   20   20   20   20   21   21   22   22   23   24   24   25   25
   27   27   28   29   30   31   32   32   33
    80.0-180.0 180.0   5.0 450.0                            LAT/LON1/LON2/DLON/H
   32   32   33   35   36   37   38   40   43   45   48   50   52   54   55   56
   56   56   56   56   55   51   49   46   44   43   41   40   38   36   35   33
   32   30   29   28   27   26   25   25   24   24   23   22   22   22   22   21
   21   21   20   20   20   20   20   20   21   21   22   22   23   24   24   25
   26   27   28   29   30   30   30   31   32
    77.5-180.0 180.0   5.0 450.0                            LAT/LON1/LON2/DLON/H
   29   29   30   31   33   35   38   41   43   46   50   53   56   58   61   63
   64   64   64   64   63   60   58   55   53   50   48   46   44   41   39   37
   34   32   30   29   27   26   25   24   24   24   24   23   23   23   22   22
   21   21   20   20   20   20   20   20   20   21   21   22   22   23   23   23
   24   26   26   27   27   27   27   28   29
    75.0-180.0 180.0   5.0 450.0                            LAT/LON1/LON2/DLON/H
   25   26   27   29   31   33   36   39   42   46   51   55   59   63   66   69
   70   71   72   71   69   67   66   62   60   58   54   50   47   43   40   38
   36   34   31   30   28   27   25   24   23   23   23   23   23   23   22   22
   21   20   20   19   19   19   19   20   19   20   20   21   21   21   21   21
   22   23   23   23   24   24   24   24   25
    72.5-180.0 180.0   5.0 450.0                            LAT/LON1/LON2/DLON/H
   23   24   25   26   28   31   34   38   42   46   51   56   61   66   70   73
   76   79   79   78   77   76   74   70   67   65   61   55   51   47   44   40
   37   35   32   30   28   26   25   24   23   22   21   21   21   21   21   20
   20   19   18   18   18   18   18   18   18   19   19   20   20   20   19   19
   19   19   19   20   20   20   21   22   23
    70.0-180.0 180.0   5.0 450.0                            LAT/LON1/LON2/DLON/H
   20   21   23   25   27   30   33   37   41   46   51   56   62   67   72   75
   80   83   83   84   83   82   80   78   73   69   66   61   56   51   48   44
   41   37   34   31   29   26   24   23   22   21   20   19   19   19   19   18
   17   17   17   17   17   17   17   17   17   18   18   18   18   18   17   17
   17   17   17   17   18   18   19   20   20
    67.5-180.0 180.0   5.0 450.0                            LAT/LON1/LON2/DLON/H
   20   21   23   25   28   31   33   38   42   47   51   57   62   68   73   78
   82   85   87   88   88   86   85   82   77   74   70   66   61   57   53   48
   44   40   36   33   30   27   24   22   20   20   19   19   18   18   17   17
   16   16   16   16   15   16   16   16   17   17   18   18   17   17   16   16
   15   15   15   15   16   17   18   19   20
    65.0-180.0 180.0   5.0 450.0                            LAT/LON1/LON2/DLON/H
   20   22   25   27   30   34   37   40   44   48   53   58   63   69   74   79
   84   87   89   91   90   89   88   84   81   78   73   70   66   62   57   53
   48   43   38   34   30   27   24   21   20   20   19   19   19   18   18   17
   16   16   16   16   16   16   16   17   17   18   18   18   17   16   16   15
   15   14   14   15   15   16   18   19   20
    62.5-180.0 180.0   5.0 450.0                            LAT/LON1/LON2/DLON/H
   22   24   27   31   34   37   41   44   48   52   56   61   66   71   76   81
   85   88   91   92   92   91   90   86   84   80   76   73   70   66   61   57
   52   46   40   35   31   27   24   22   21   20   21   21   21   20   20   19
   19   18   17   17   17   17   18   18   18   19   19   19   19   18   17   16
   15   15   15   15   16   18   19   20   22
    60.0-180.0 180.0   5.0 450.0                            LAT/LON1/LON2/DLON/H
   25   27   31   34   38   43   46   50   53   56   60   64   68   74   79   83
   87   90   93   94   93   92   91   88   85   83   80   77   74   70   64   60
   55   49   43   38   33   29   26   25   24   24   24   25   26   25   25   23
   22   21   21   20   20   20   21   21   22   22   23   22   22   21   20   19
   18   17   17   18   18   19   21   23   25
    57.5-180.0 180.0   5.0 450.0                            LAT/LON1/LON2/DLON/H
   28   30   34   39   44   48   52   56   58   62   65   69   73   77   82   86
   89   92   94   94   94   93   91   89   87   85   83   82   79   74   68   63
   58   52   47   41   37   33   30   29   28   29   31   32   33   33   31   30
   28   27   25   25   24   25   25   26   26   27   27   27   26   26   25   24
   23   22   21   22   22   24   25   26   28
    55.0-180.0 180.0   5.0 450.0                            LAT/LON1/LON2/DLON/H
   32   35   39   44   50   55   59   62   65   67   71   74   77   81   85   89
   92   94   96   96   94   94   92   90   89   89   88   87   86   80   74   68
   62   54   49   45   41   38   36   35   36   38   40   41   42   42   40   38
   36   34   32   31   30   30   30   31   32   32   32   33   32   31   31   30
   29   28   28   27   28   28   29   30   32
    52.5-180.0 180.0   5.0 450.0                            LAT/LON1/LON2/DLON/H
   36   38   44   49   56   61   65   69   72   74   77   80   82   86   89   92
   95   98   99   99   97   96   94   94   93   93   93   93   92   88   80   74
   67   59   53   49   46   44   44   44   45   47   50   52   52   51   49   47
   44   42   40   38   37   38   38   38   38   39   38   38   38   37   37   37
   36   35   35   34   34   35   35   35   36
    50.0-180.0 180.0   5.0 450.0                            LAT/LON1/LON2/DLON/H
   40   43   47   54   61   68   73   76   78   81   83   86   89   91   94   97
   99  102  103  102  101   99   98   97   98   99  100  101  100   96   88   80
   73   64   58   54   53   52   52   53   55   57   59   61   62   61   58   56
   52   50   48   46   45   45   45   45   46   45   45   45   44   44   43   43
   44   43   42   41   41   41   40   40   40
    47.5-180.0 180.0   5.0 450.0                            LAT/LON1/LON2/DLON/H
   45   48   52   59   67   74   79   83   87   89   91   94   96   99  100  102
  104  106  107  107  106  105  104  104  105  106  107  108  108  104   96   87
   79   70   65   61   59   59   60   62   63   66   68   69   70   69   66   63
   60   57   55   54   53   52   53   52   53   53   52   51   50   50   49   50
   50   49   48   47   47   46   46   45   45
    45.0-180.0 180.0   5.0 450.0                            LAT/LON1/LON2/DLON/H
   49   51   56   64   71   79   86   91   95   98  101  103  105  105  106  107
  109  110  112  113  113  112  112  112  113  114  115  117  116  113  104   94
   85   77   71   67   66   67   68   69   71   72   74   75   76   75   72   70
   68   64   62   61   60   59   59   59   59   58   57   56   55   54   55   55
   55   54   53   52   52   51   50   49   49
    42.5-180.0 180.0   5.0 450.0                            LAT/LON1/LON2/DLON/H
   51   54   59   67   76   84   93   99  103  107  110  112  114  114  114  113
  115  116  118  120  121  121  122  122  122  123  124  126  124  120  112  101
   91   83   78   74   73   72   73   75   76   77   79   80   80   79   76   75
   73   71   69   68   66   65   65   63   63   62   61   60   59   58   58   58
   57   56   55   55   54   54   52   50   51
    40.0-180.0 180.0   5.0 450.0                            LAT/LON1/LON2/DLON/H
   52   55   62   71   80   90   99  105  111  116  119  121  123  122  121  121
  121  122  124  127  129  131  132  132  132  132  131  132  131  126  118  108
   98   91   85   80   78   77   77   78   79   80   81   82   83   81   80   78
   77   76   74   73   71   69   69   67   67   66   64   62   61   60   59   59
   58   56   55   55   54   54   52   51   52
    37.5-180.0 180.0   5.0 450.0                            LAT/LON1/LON2/DLON/H
   52   56   63   73   84   95  105  112  119  124  127  129  131  131  129  128
  127  128  131  134  138  141  142  142  140  139  138  137  136  131  124  115
  107  100   93   88   84   82   81   81   80   82   83   84   85   83   82   81
   79   78   77   75   72   71   70   70   69   68   66   64   62   62   61   59
   57   55   53   53   52   51   50   50   52
    35.0-180.0 180.0   5.0 450.0                            LAT/LON1/LON2/DLON/H
   50   55   63   74   87   99  111  120  127  132  135  137  139  139  137  136
  134  135  137  142  147  151  152  151  148  145  144  143  141  137  131  124
  117  111  104   97   92   88   84   82   82   83   84   86   86   85   84   82
   80   78   76   74   72   71   70   69   69   68   66   64   63   62   61   58
   55   52   50   49   49   48   47   47   50
    32.5-180.0 180.0   5.0 450.0                            LAT/LON1/LON2/DLON/H
   46   52   62   76   89  104  118  128  136  140  143  144  145  146  144  143
  141  141  144  148  154  158  159  157  155  152  150  149  148  144  140  134
  130  124  117  109  101   94   88   84   84   85   86   87   88   87   85   81
   78   76   74   71   69   68   68   68   68   67   65   64   63   62   60   56
   53   50   47   46   46   44   43   43   46
    30.0-180.0 180.0   5.0 450.0                            LAT/LON1/LON2/DLON/H
   43   50   63   77   93  110  126  137  145  151  150  151  152  153  152  150
  148  148  149  154  159  163  163  161  159  159  158  159  157  154  150  145
  143  139  133  124  113  103   94   89   88   88   90   91   91   90   86   80
   76   72   70   68   66   65   66   67   67   66   65   64   63   61   59   56
   52   48   45   45   43   41   40   39   43
    27.5-180.0 180.0   5.0 450.0                            LAT/LON1/LON2/DLON/H
   40   49   62   79   98  117  136  149  157  159  158  159  160  161  160  158
  156  156  157  160  163  165  165  163  164  165  168  171  171  167  163  159
  158  156  150  142  129  115  103   95   92   93   95   97   97   95   88   80
   73   69   66   63   62   62   64   65   66   65   65   64   63   62   59   55
   51   47   44   44   42   39   37   36   40
    25.0-180.0 180.0   5.0 450.0                            LAT/LON1/LON2/DLON/H
   40   50   65   82  103  124  144  159  168  170  168  167  169  170  169  168
  166  165  165  167  168  169  168  167  169  174  180  185  186  184  179  176
  175  175  170  161  147  130  114  103   99  100  102  103  104  103   94   83
   73   67   63   61   60   60   62   65   66   65   64   64   64   62   60   56
   52   48   46   45   43   39   36   35   40
    22.5-180.0 180.0   5.0 450.0                            LAT/LON1/LON2/DLON/H
   42   54   70   89  109  132  152  168  178  182  179  178  180  182  182  180
  177  176  176  176  176  175  173  174  177  186  194  203  206  204  200  196
  195  195  191  182  165  146  125  111  107  109  110  111  112  110  102   88
   75   67   62   61   60   61   63   65   66   66   66   66   65   64   61   58
   54   51   49   48   45   41   36   36   42
    20.0-180.0 180.0   5.0 450.0                            LAT/LON1/LON2/DLON/H
   45   59   76   96  117  139  161  177  188  192  193  193  195  198  199  196
  193  191  189  188  186  184  183  184  190  201  213  223  228  227  222  217
  218  216  210  201  183  160  136  122  119  121  122  125  123  118  109   95
   81   71   66   63   63   64   66   67   69   69   69   69   69   68   65   61
   58   54   52   51   49   44   39   39   45
    17.5-180.0 180.0   5.0 450.0                            LAT/LON1/LON2/DLON/H
   48   63   83  105  127  149  170  186  198  205  208  212  216  218  218  217
  213  210  205  203  201  198  197  200  207  220  234  246  250  250  245  239
  238  233  228  216  196  172  148  135  133  136  138  139  136  128  118  105
   89   78   72   69   68   67   69   71   72   72   73   73   73   71   68   64
   61   58   57   56   53   48   43   42   48
    15.0-180.0 180.0   5.0 450.0                            LAT/LON1/LON2/DLON/H
   54   71   91  114  136  157  177  195  210  220  227  234  238  241  242  240
  236  231  226  222  219  217  217  220  227  242  255  268  273  272  267  259
  253  247  240  226  204  181  161  149  150  153  153  150  146  136  126  113
   97   86   79   74   73   72   74   75   76   76   76   76   76   73   70   67
   65   63   61   59   57   53   48   47   54
    12.5-180.0 180.0   5.0 450.0                            LAT/LON1/LON2/DLON/H
   63   80  101  123  145  166  185  204  221  234  245  255  261  267  267  265
  261  255  250  246  242  240  240  244  251  264  278  289  294  293  286  276
  266  257  246  231  211  191  174  166  167  167  164  158  151  142  132  120
  105   93   86   80   78   77   78   78   79   78   77   77   76   73   70   67
   66   64   63   61   59   56   54   55   63
    10.0-180.0 180.0   5.0 450.0                            LAT/LON1/LON2/DLON/H
   74   91  113  135  154  174  192  211  229  245  259  271  280  287  289  291
  284  281  275  272  269  268  268  271  277  288  299  308  311  309  301  290
  277  265  252  237  220  201  188  183  182  178  171  163  153  145  135  125
  112  101   92   85   81   80   81   80   81   79   78   76   74   71   67   66
   65   64   62   60   59   59   59   64   74
     7.5-180.0 180.0   5.0 450.0                            LAT/LON1/LON2/DLON/H
   83  103  125  146  165  182  197  215  233  251  266  280  290  299  303  308
  307  305  301  299  298  297  297  299  303  311  319  324  327  324  315  303
  289  275  259  245  229  214  203  198  193  185  174  163  153  144  136  127
  116  107   97   88   84   83   84   82   82   80   78   76   73   68   65   64
   63   62   60   58   58   60   64   71   83
     5.0-180.0 180.0   5.0 450.0                            LAT/LON1/LON2/DLON/H
   91  112  135  156  174  190  203  217  234  251  267  280  292  302  310  318
  324  327  324  324  324  325  326  326  327  332  335  338  340  339  331  320
  307  287  269  254  240  227  216  210  202  189  176  162  151  142  134  126
  118  110  101   92   86   85   85   84   83   80   78   74   70   66   63   62
   61   59   58   56   56   60   66   77   91
     2.5-180.0 180.0   5.0 450.0                            LAT/LON1/LON2/DLON/H
   95  117  142  165  184  198  209  220  234  249  262  273  286  297  309  320
  330  339  342  345  347  350  350  349  347  350  350  351  355  354  348  337
  321  299  278  263  250  238  226  216  205  191  175  160  148  139  132  125
  119  111  103   94   89   86   87   86   83   80   76   72   68   64   62   61
   59   58   56   55   55   59   67   79   95
