data/7 day dataset/IGS corrections/igsg3020.20i
     1.0            IONOSPHERE MAPS     MIX                 IONEX VERSION / TYPE
cmpcmb v1.2          GRL/UWM            12-nov-20 16:43     PGM / RUN BY / DATE 
ionex file containing IGS COMBINED Ionosphere maps          COMMENT             
global ionosphere maps for day 302, 2020                    DESCRIPTION         
IONEX file containing the COMBINED IGS TEC MAPS and DCBs    DESCRIPTION         
      IONEX files of the following IAACs were combined: cod DESCRIPTION         
                                                        esa DESCRIPTION         
                                                        jpl DESCRIPTION         
                                                        upc DESCRIPTION         
Contact address: Andrzej Krankowski                         DESCRIPTION
                 Geodynamics Research Laboratory            DESCRIPTION
                 University of Warmia and Mazury (GRL/UWM)  DESCRIPTION
                 Oczapowski St. 1                           DESCRIPTION
                 10-957-Olsztyn, POLAND                     DESCRIPTION
                 e-mail:  kand@uwm.edu.pl                   DESCRIPTION
                                                            DESCRIPTION         
  2020    10    28     0     0     0                        EPOCH OF FIRST MAP  
  2020    10    29     0     0     0                        EPOCH OF LAST MAP   
  7200                                                      INTERVAL            
    13                                                      # OF MAPS IN FILE   
  COSZ                                                      MAPPING FUNCTION    
     0.0                                                    ELEVATION CUTOFF    
combined TEC calculated as weighted mean of input TEC valuesOBSERVABLES USED    
   428                                                      # OF STATIONS       
    31                                                      # OF SATELLITES     
  6371.0                                                    BASE RADIUS         
     2                                                      MAP DIMENSION       
   450.0 450.0   0.0                                        HGT1 / HGT2 / DHGT  
    87.5 -87.5  -2.5                                        LAT1 / LAT2 / DLAT  
  -180.0 180.0   5.0                                        LON1 / LON2 / DLON  
    -1                                                      EXPONENT            
TEC values in 0.1 tec units;  9999, if no value available   COMMENT             
DCB values in nanoseconds, reference is Sum_of_SatDCBs = 0  COMMENT             
                                                            END OF HEADER       
[from data line 2574]
     7                                                      START OF TEC MAP    
  2020    10    28    12     0     0                        EPOCH OF CURRENT MAP
    87.5-180.0 180.0   5.0 450.0                            LAT/LON1/LON2/DLON/H
   40   40   40   40   40   40   40   40   40   40   40   40   40   40   41   41
   41   42   42   42   42   42   42   43   43   43   43   43   43   43   42   42
   42   42   42   41   41   41   41   41   40   40   40   40   40   39   40   40
   39   39   39   39   39   39   39   39   39   39   40   40   39   39   39   39
   39   40   40   40   40   40   40   40   40
    85.0-180.0 180.0   5.0 450.0                            LAT/LON1/LON2/DLON/H
   39   39   39   39   39   40   40   40   40   40   40   40   40   41   41   40
   41   41   41   41   42   42   42   43   43   43   43   43   43   43   42   42
   42   42   41   41   40   40   39   39   38   37   37   35   35   35   34   33
   33   34   34   34   34   34   35   35   36   37   37   37   38   38   38   39
   39   39   39   39   39   39   39   39   39
    82.5-180.0 180.0   5.0 450.0                            LAT/LON1/LON2/DLON/H
   37   38   38   38   38   39   39   39   39   38   38   38   38   38   38   38
   38   39   40   41   42   42   42   43   42   42   42   43   44   44   45   44
   44   44   44   43   42   41   40   39   38   36   35   34   33   32   31   29
   29   29   29   29   29   29   30   31   32   33   35   36   36   37   37   37
   38   38   37   37   37   37   37   37   37
    80.0-180.0 180.0   5.0 450.0                            LAT/LON1/LON2/DLON/H
   35   35   36   37   37   38   37   37   36   36   35   34   34   34   34   34
   35   35   35   36   37   39   41   42   43   43   44   44   45   45   46   46
   47   46   46   45   44   43   42   40   38   36   34   32   30   29   28   27
   26   25   25   25   26   26   27   28   29   31   32   34   34   35   35   35
   35   35   35   35   35   34   34   34   35
    77.5-180.0 180.0   5.0 450.0                            LAT/LON1/LON2/DLON/H
   32   33   34   35   35   35   35   35   34   34   33   33   32   31   30   31
   31   31   32   34   34   36   37   41   42   44   46   48   49   50   50   50
   50   51   50   50   49   47   45   43   41   39   36   33   31   29   27   25
   24   23   23   23   24   25   26   27   28   29   30   32   32   33   33   33
   33   33   33   31   31   30   30   31   32
    75.0-180.0 180.0   5.0 450.0                            LAT/LON1/LON2/DLON/H
   30   32   33   34   34   34   34   34   33   32   30   29   29   29   29   29
   29   31   31   32   35   39   38   41   43   46   47   50   53   54   56   57
   57   57   58   57   56   54   53   50   47   44   41   38   34   31   28   26
   24   23   22   23   24   25   26   27   27   28   30   30   31   30   31   30
   30   29   29   28   28   27   28   29   30
    72.5-180.0 180.0   5.0 450.0                            LAT/LON1/LON2/DLON/H
   29   31   32   33   34   34   34   33   32   31   30   29   28   26   26   27
   28   30   31   33   37   40   39   42   46   49   51   54   57   61   63   65
   66   67   67   66   66   65   62   59   56   52   49   45   41   37   33   30
   28   26   25   24   25   26   27   27   28   29   29   29   29   29   29   28
   27   27   26   26   25   26   26   27   29
    70.0-180.0 180.0   5.0 450.0                            LAT/LON1/LON2/DLON/H
   28   30   31   32   34   35   35   34   33   32   31   29   27   26   27   26
   28   30   32   34   38   41   41   45   49   52   56   59   64   67   71   73
   74   75   76   76   75   73   71   68   64   61   58   53   49   45   40   37
   34   31   29   28   28   28   28   28   29   29   29   29   29   28   28   27
   26   25   24   24   24   24   25   26   28
    67.5-180.0 180.0   5.0 450.0                            LAT/LON1/LON2/DLON/H
   27   29   30   32   34   35   35   35   34   32   31   28   27   26   27   27
   29   31   32   35   37   41   43   46   51   56   60   66   70   74   77   79
   80   82   83   82   82   80   78   75   72   70   66   62   58   53   49   45
   40   37   34   32   31   31   30   29   29   28   28   28   28   27   27   26
   24   23   23   22   23   23   23   25   27
    65.0-180.0 180.0   5.0 450.0                            LAT/LON1/LON2/DLON/H
   25   27   29   31   32   34   35   35   34   32   30   29   27   27   27   28
   30   32   33   34   37   41   43   47   51   58   63   69   74   78   81   84
   85   86   87   87   86   84   82   80   78   77   73   70   66   62   57   52
   48   43   41   38   36   34   32   29   28   27   25   25   25   25   25   24
   23   22   22   22   22   22   23   24   25
    62.5-180.0 180.0   5.0 450.0                            LAT/LON1/LON2/DLON/H
   24   25   27   28   30   32   33   33   33   32   30   28   27   27   28   29
   30   31   32   33   36   39   43   47   52   59   64   70   75   80   84   88
   90   90   90   90   88   87   86   84   83   82   80   78   73   69   64   59
   54   49   46   42   39   36   34   30   28   26   24   23   23   23   23   23
   23   23   22   23   23   22   23   23   24
    60.0-180.0 180.0   5.0 450.0                            LAT/LON1/LON2/DLON/H
   24   24   24   25   27   29   30   31   31   30   29   28   27   27   27   28
   29   29   30   31   33   37   41   47   52   58   65   70   76   82   87   91
   94   94   94   92   91   89   88   88   88   87   86   84   80   76   71   65
   59   55   50   47   42   39   35   32   28   26   24   23   23   23   23   24
   24   25   25   25   25   25   25   25   24
    57.5-180.0 180.0   5.0 450.0                            LAT/LON1/LON2/DLON/H
   26   25   24   24   25   26   28   28   29   28   28   27   26   26   27   26
   27   27   27   28   31   35   40   47   53   59   65   70   77   83   89   93
   97   98   97   96   94   92   91   91   92   93   93   91   88   83   77   71
   65   60   55   50   46   42   38   34   31   28   26   26   25   25   26   26
   27   28   29   29   30   30   29   27   26
    55.0-180.0 180.0   5.0 450.0                            LAT/LON1/LON2/DLON/H
   30   28   26   26   25   26   26   27   27   27   27   26   25   26   25   24
   25   24   24   26   29   34   40   47   54   60   66   72   78   84   91   97
  100  103  103  101   98   96   96   96   98   99  100   99   95   90   84   78
   72   65   59   54   50   45   41   38   35   33   31   31   31   30   31   32
   32   33   34   35   36   36   34   32   30
    52.5-180.0 180.0   5.0 450.0                            LAT/LON1/LON2/DLON/H
   37   34   31   29   29   28   28   28   28   27   27   26   25   25   24   24
   22   22   22   24   29   35   43   50   57   63   68   74   80   86   94  100
  105  109  110  108  105  104  103  103  105  107  108  107  104   99   92   85
   78   73   67   60   55   51   46   44   42   40   39   38   38   38   38   39
   39   39   40   41   42   42   41   40   37
    50.0-180.0 180.0   5.0 450.0                            LAT/LON1/LON2/DLON/H
   45   42   38   36   34   33   32   31   30   30   29   28   28   26   25   24
   22   22   22   25   32   40   47   55   62   68   73   78   84   91   98  105
  111  116  118  116  115  113  112  111  113  115  117  116  113  108  102   94
   87   81   74   68   62   57   53   51   49   48   47   47   46   46   46   46
   46   46   47   48   49   49   49   47   45
    47.5-180.0 180.0   5.0 450.0                            LAT/LON1/LON2/DLON/H
   53   50   47   44   42   40   38   36   35   34   33   32   31   30   28   26
   25   24   25   30   37   46   55   62   69   75   79   85   90   97  104  110
  117  124  126  126  125  123  122  121  122  124  126  125  123  118  111  104
   97   90   83   77   71   64   61   57   56   56   55   54   54   53   53   53
   53   53   53   54   54   55   55   54   53
    45.0-180.0 180.0   5.0 450.0                            LAT/LON1/LON2/DLON/H
   59   57   55   52   49   47   44   42   40   39   39   38   37   35   33   31
   29   29   31   37   45   54   63   72   78   83   88   93   98  103  110  116
  123  130  134  135  135  133  132  131  131  133  134  134  131  126  120  114
  107   99   93   86   79   72   67   63   61   60   60   59   60   59   59   59
   59   58   58   59   59   59   60   59   59
    42.5-180.0 180.0   5.0 450.0                            LAT/LON1/LON2/DLON/H
   62   61   60   58   56   54   51   48   46   45   45   43   43   41   39   38
   36   36   38   45   54   64   72   81   87   92   97  101  106  110  117  122
  127  135  141  143  143  142  141  140  140  140  142  141  138  134  128  122
  116  110  103   96   87   79   72   67   64   62   62   61   62   62   63   62
   61   61   61   62   62   62   62   62   62
    40.0-180.0 180.0   5.0 450.0                            LAT/LON1/LON2/DLON/H
   62   62   62   62   60   58   55   53   51   50   50   49   48   47   46   44
   43   43   46   53   62   72   81   88   94   99  105  108  112  116  121  126
  131  138  144  148  150  151  150  148  148  148  149  148  145  141  136  130
  124  120  113  105   96   86   77   69   65   63   61   60   61   62   63   63
   62   62   62   62   63   62   62   62   62
    37.5-180.0 180.0   5.0 450.0                            LAT/LON1/LON2/DLON/H
   60   59   61   61   61   59   57   55   54   54   55   55   54   53   52   51
   49   49   53   60   69   79   87   93   99  105  110  115  118  119  124  129
  133  139  146  152  156  159  158  157  157  157  157  156  152  146  141  137
  132  126  120  112  102   91   81   72   67   63   60   59   59   61   62   62
   62   61   61   61   60   59   59   59   60
    35.0-180.0 180.0   5.0 450.0                            LAT/LON1/LON2/DLON/H
   53   54   55   57   58   57   56   55   55   56   58   59   58   58   57   55
   54   54   58   65   74   84   91   97  102  109  114  119  122  122  125  130
  136  143  150  157  163  167  168  168  169  169  168  166  160  152  146  142
  138  132  126  117  107   96   85   76   69   65   62   61   60   61   62   63
   62   61   60   60   58   56   55   53   53
    32.5-180.0 180.0   5.0 450.0                            LAT/LON1/LON2/DLON/H
   47   46   48   50   51   51   52   52   54   56   58   61   61   61   60   58
   56   56   60   68   78   87   94   99  104  110  116  121  124  125  127  133
  141  149  156  165  172  178  180  182  185  185  185  181  173  160  154  149
  144  138  131  123  112  101   91   82   76   71   69   68   67   66   65   65
   64   62   61   59   57   54   51   48   47
    30.0-180.0 180.0   5.0 450.0                            LAT/LON1/LON2/DLON/H
   42   41   41   42   44   45   46   47   51   54   57   60   62   62   61   60
   57   57   61   69   79   88   95  100  105  111  117  121  124  127  132  140
  150  160  168  176  184  192  195  199  203  202  202  199  189  174  164  159
  153  145  138  128  117  107   98   91   87   84   83   81   79   76   73   71
   68   65   63   60   58   54   50   45   42
    27.5-180.0 180.0   5.0 450.0                            LAT/LON1/LON2/DLON/H
   41   38   37   37   38   39   40   42   46   51   55   58   60   61   60   59
   56   56   61   69   80   89   96  102  107  112  118  122  126  132  141  152
  166  177  184  193  201  206  212  218  222  222  222  218  205  191  180  172
  164  156  147  135  124  114  107  103  102  102  103  102   98   93   86   81
   75   71   67   65   61   57   52   46   41
    25.0-180.0 180.0   5.0 450.0                            LAT/LON1/LON2/DLON/H
   44   40   37   35   35   36   36   39   43   47   52   55   57   57   57   55
   53   55   60   69   81   91   98  104  110  115  120  125  130  140  153  169
  186  199  207  215  224  226  231  239  241  241  242  236  225  212  200  189
  178  170  160  146  134  126  120  119  120  124  127  127  122  114  104   96
   87   80   75   72   68   63   57   50   44
    22.5-180.0 180.0   5.0 450.0                            LAT/LON1/LON2/DLON/H
   50   45   41   39   37   36   37   38   41   45   49   51   53   53   52   51
   50   52   59   70   83   94  102  108  113  118  124  129  137  152  169  189
  211  228  234  241  252  250  249  258  259  266  264  258  251  239  227  213
  197  187  175  161  150  141  136  138  141  147  152  153  149  139  127  113
  102   92   86   82   77   73   66   57   50
    20.0-180.0 180.0   5.0 450.0                            LAT/LON1/LON2/DLON/H
   62   53   49   45   42   40   41   41   42   45   47   48   48   49   48   47
   47   51   60   73   86   97  105  112  117  123  128  136  147  165  187  212
  237  257  260  262  271  266  264  271  281  292  290  285  281  272  261  244
  224  209  195  182  169  160  155  158  162  168  174  177  174  164  149  133
  118  106  100   93   88   83   77   69   62
    17.5-180.0 180.0   5.0 450.0                            LAT/LON1/LON2/DLON/H
   73   64   58   54   51   47   46   45   45   45   46   45   45   44   43   44
   45   50   61   75   89  100  109  115  121  128  135  145  160  181  208  235
  261  277  278  271  273  271  274  284  297  312  310  312  318  310  296  278
  256  236  217  203  192  181  174  175  178  184  190  196  196  187  170  152
  133  120  112  104   98   93   87   80   73
    15.0-180.0 180.0   5.0 450.0                            LAT/LON1/LON2/DLON/H
   83   74   68   63   59   56   52   50   48   46   45   44   42   41   40   40
   44   51   63   78   92  103  112  118  125  133  142  156  174  200  229  255
  277  291  285  276  272  275  283  294  312  324  329  336  343  338  325  308
  283  260  240  224  212  200  194  189  188  192  199  206  209  202  185  165
  146  132  122  114  108  102   97   89   83
    12.5-180.0 180.0   5.0 450.0                            LAT/LON1/LON2/DLON/H
   90   82   75   70   67   63   58   55   51   48   45   42   41   39   38   38
   43   52   65   81   95  106  115  121  129  139  150  167  189  217  244  266
  282  289  284  276  274  281  292  304  319  334  345  355  361  357  347  329
  303  279  260  243  230  217  207  198  193  193  198  205  210  206  192  172
  153  138  128  120  113  107  101   94   90
    10.0-180.0 180.0   5.0 450.0                            LAT/LON1/LON2/DLON/H
   92   84   79   75   72   69   65   60   55   49   46   43   40   38   36   36
   42   52   67   83   97  108  117  124  132  144  159  177  201  228  252  269
  279  282  280  278  281  289  301  313  328  344  358  368  373  370  361  343
  316  293  274  257  242  228  214  202  194  190  193  197  203  203  192  172
  154  140  130  121  114  109  103   96   92
     7.5-180.0 180.0   5.0 450.0                            LAT/LON1/LON2/DLON/H
   92   85   80   76   75   73   68   63   57   51   46   43   41   38   36   36
   41   53   69   85   99  110  119  127  136  150  166  187  212  236  255  269
  276  279  280  282  290  301  313  325  340  355  366  374  378  376  366  348
  323  301  282  265  250  235  219  205  194  187  189  191  193  193  184  168
  152  139  130  121  113  108  103   96   92
     5.0-180.0 180.0   5.0 450.0                            LAT/LON1/LON2/DLON/H
   89   82   78   76   75   73   69   63   57   51   47   43   41   38   36   36
   41   54   70   87  101  111  121  130  141  155  174  196  220  241  257  267
  273  278  283  290  301  316  330  340  352  363  369  374  376  373  362  344
  321  301  285  269  254  238  222  207  193  188  189  189  186  183  175  163
  150  137  128  120  112  106  101   94   89
     2.5-180.0 180.0   5.0 450.0                            LAT/LON1/LON2/DLON/H
   87   80   76   74   73   71   67   62   56   51   46   44   41   38   36   36
   42   55   72   89  102  114  125  135  147  162  181  203  224  244  256  265
  272  278  287  298  313  331  347  356  362  366  368  368  368  362  350  333
  313  295  282  269  255  239  224  208  196  190  190  187  182  176  168  158
  147  136  127  120  112  106   99   92   87
