data/7 day dataset/IGS corrections/igsg3000.20i
     1.0            IONOSPHERE MAPS     MIX                 IONEX VERSION / TYPE
cmpcmb v1.2          GRL/UWM            12-nov-20 16:33     PGM / RUN BY / DATE 
ionex file containing IGS COMBINED Ionosphere maps          COMMENT             
global ionosphere maps for day 300, 2020                    DESCRIPTION         
IONEX file containing the COMBINED IGS TEC MAPS and DCBs    DESCRIPTION         
      IONEX files of the following IAACs were combined: cod DESCRIPTION         
                                                        esa DESCRIPTION         
                                                        jpl DESCRIPTION         
                                                        upc DESCRIPTION         
Contact address: Andrzej Krankowski                         DESCRIPTION
                 Geodynamics Research Laboratory            DESCRIPTION
                 University of Warmia and Mazury (GRL/UWM)  DESCRIPTION
                 Oczapowski St. 1                           DESCRIPTION
                 10-957-Olsztyn, POLAND                     DESCRIPTION
                 e-mail:  kand@uwm.edu.pl                   DESCRIPTION
                                                            DESCRIPTION         
  2020    10    26     0     0     0                        EPOCH OF FIRST MAP  
  2020    10    27     0     0     0                        EPOCH OF LAST MAP   
  7200                                                      INTERVAL            
    13                                                      # OF MAPS IN FILE   
  COSZ                                                      MAPPING FUNCTION    
     0.0                                                    ELEVATION CUTOFF    
combined TEC calculated as weighted mean of input TEC valuesOBSERVABLES USED    
   417                                                      # OF STATIONS       
    31                                                      # OF SATELLITES     
  6371.0                                                    BASE RADIUS         
     2                                                      MAP DIMENSION       
   450.0 450.0   0.0                                        HGT1 / HGT2 / DHGT  
    87.5 -87.5  -2.5                                        LAT1 / LAT2 / DLAT  
  -180.0 180.0   5.0                                        LON1 / LON2 / DLON  
    -1                                                      EXPONENT            
TEC values in 0.1 tec units;  9999, if no value available   COMMENT             
DCB values in nanoseconds, reference is Sum_of_SatDCBs = 0  COMMENT             
                                                            END OF HEADER       
[from data line 858]
     3                                                      START OF TEC MAP    
  2020    10    26     4     0     0                        EPOCH OF CURRENT MAP
    87.5-180.0 180.0   5.0 450.0                            LAT/LON1/LON2/DLON/H
   42   42   42   42   42   42   42   42   42   41   42   41   41   41   41   40
   40   40   39   39   39   39   38   38   38   37   37   36   36   36   36   36
   36   36   36   36   36   36   36   36   36   36   36   36   36   36   37   37
   37   37   37   37   37   38   38   39   39   39   39   40   40   40   40   40
   40   40   41   41   41   41   41   42   42
    85.0-180.0 180.0   5.0 450.0                            LAT/LON1/LON2/DLON/H
   41   42   41   41   41   41   41   41   41   41   41   41   41   40   40   40
   39   38   38   37   36   35   34   33   33   33   32   31   31   31   32   32
   32   33   33   33   33   33   33   33   34   34   34   33   34   34   34   34
   34   34   34   34   35   35   36   36   38   38   38   38   39   39   39   39
   39   40   40   41   41   42   42   42   41
    82.5-180.0 180.0   5.0 450.0                            LAT/LON1/LON2/DLON/H
   40   40   40   41   41   41   41   41   41   41   41   41   40   40   39   38
   37   36   34   33   32   31   29   28   28   27   27   27   27   26   26   27
   27   28   29   30   30   31   31   31   32   32   32   32   31   31   32   32
   31   32   32   32   33   34   35   35   37   37   38   38   39   39   39   39
   40   41   41   41   41   41   41   40   40
    80.0-180.0 180.0   5.0 450.0                            LAT/LON1/LON2/DLON/H
   39   39   39   39   39   39   39   39   40   40   40   40   39   39   38   37
   36   34   33   31   30   26   24   24   23   21   20   20   20   21   22   23
   24   26   27   28   29   30   30   31   31   31   31   30   30   30   30   30
   30   31   31   32   33   34   36   37   38   40   40   41   42   42   42   42
   43   43   42   42   41   40   40   39   39
    77.5-180.0 180.0   5.0 450.0                            LAT/LON1/LON2/DLON/H
   39   38   37   37   37   37   37   38   38   38   37   37   36   35   34   33
   31   29   28   26   25   22   18   18   17   17   16   17   18   19   20   22
   23   25   26   28   29   30   30   30   30   30   30   29   29   29   29   29
   30   31   32   33   34   36   38   40   42   43   44   45   47   47   47   47
   47   46   45   44   42   42   41   40   39
    75.0-180.0 180.0   5.0 450.0                            LAT/LON1/LON2/DLON/H
   39   38   37   36   36   36   36   36   36   36   35   34   33   32   30   29
   27   26   24   23   21   19   17   16   16   16   15   15   17   18   20   22
   24   26   28   29   30   30   30   30   29   29   28   28   27   27   28   28
   29   31   33   35   37   39   42   44   46   48   50   51   52   52   53   53
   52   51   49   48   47   45   43   41   39
    72.5-180.0 180.0   5.0 450.0                            LAT/LON1/LON2/DLON/H
   41   39   38   37   36   35   35   35   35   34   34   33   30   28   28   26
   24   23   22   21   20   19   18   18   18   18   18   18   19   21   22   24
   26   28   29   30   31   30   30   29   28   27   26   25   25   25   26   27
   29   31   35   37   40   44   46   49   52   54   55   56   57   58   58   58
   58   57   55   53   51   49   47   44   41
    70.0-180.0 180.0   5.0 450.0                            LAT/LON1/LON2/DLON/H
   45   42   40   37   35   34   33   33   33   33   32   30   28   28   26   25
   23   22   23   21   22   21   22   22   22   22   23   23   24   25   27   28
   29   30   31   31   30   29   28   26   25   24   22   21   21   23   24   27
   30   33   37   42   45   49   52   54   56   58   60   61   62   62   62   63
   62   62   61   59   57   54   52   48   45
    67.5-180.0 180.0   5.0 450.0                            LAT/LON1/LON2/DLON/H
   49   46   41   38   35   33   33   32   32   31   31   29   28   26   25   24
   23   23   24   23   24   25   27   27   28   27   29   28   29   30   32   32
   33   32   31   29   27   26   24   22   20   19   18   18   19   21   24   28
   32   37   42   46   50   54   57   59   61   62   63   64   64   65   65   65
   66   65   65   63   62   60   57   53   49
    65.0-180.0 180.0   5.0 450.0                            LAT/LON1/LON2/DLON/H
   54   50   45   40   36   34   32   31   31   31   30   29   28   26   24   24
   24   24   26   27   27   29   31   31   31   31   32   31   32   33   34   35
   34   32   29   27   24   22   19   18   16   15   16   16   18   21   25   30
   36   41   46   51   55   59   61   63   64   65   65   65   66   66   66   66
   67   67   66   67   65   64   61   58   54
    62.5-180.0 180.0   5.0 450.0                            LAT/LON1/LON2/DLON/H
   58   53   48   43   38   35   32   31   31   31   31   31   29   27   26   25
   25   27   27   29   31   32   33   34   33   33   32   32   33   34   34   34
   33   30   27   24   21   18   16   15   15   16   16   18   21   25   30   35
   41   47   52   57   60   63   65   67   67   67   67   66   66   66   66   66
   66   67   68   68   68   66   64   61   58
    60.0-180.0 180.0   5.0 450.0                            LAT/LON1/LON2/DLON/H
   62   57   52   46   41   36   33   31   31   31   30   30   29   29   27   27
   27   28   29   30   32   32   33   33   33   31   31   31   32   33   33   32
   31   28   25   21   18   17   16   16   17   18   20   24   27   32   37   42
   48   54   59   63   66   69   70   71   71   70   69   69   69   69   68   68
   68   68   68   69   69   69   67   65   62
    57.5-180.0 180.0   5.0 450.0                            LAT/LON1/LON2/DLON/H
   66   61   56   50   44   39   35   32   31   30   30   30   30   29   28   28
   28   29   30   30   31   31   30   30   30   29   29   29   30   31   31   30
   29   27   24   22   20   19   19   21   23   26   29   33   37   42   46   51
   56   62   66   70   73   75   76   76   76   76   76   76   76   75   74   73
   72   72   71   71   72   72   71   70   66
    55.0-180.0 180.0   5.0 450.0                            LAT/LON1/LON2/DLON/H
   72   67   62   55   49   43   37   34   32   30   30   29   29   29   29   29
   29   29   29   29   28   28   26   26   26   26   27   27   29   30   30   29
   29   28   26   26   25   26   29   31   34   37   41   44   48   53   57   61
   66   70   74   78   81   83   83   84   85   86   86   86   85   85   83   81
   79   78   77   76   76   76   77   75   72
    52.5-180.0 180.0   5.0 450.0                            LAT/LON1/LON2/DLON/H
   81   76   70   63   56   49   43   37   34   32   30   30   30   30   30   30
   30   30   29   28   27   25   23   23   23   25   27   29   30   31   31   31
   32   32   32   33   35   38   42   45   48   51   54   57   60   64   68   72
   77   80   84   86   89   92   93   95   97   98   99   99   99   98   96   93
   89   86   85   83   83   83   84   82   81
    50.0-180.0 180.0   5.0 450.0                            LAT/LON1/LON2/DLON/H
   88   84   79   72   65   57   50   43   38   35   33   32   32   31   31   32
   32   31   30   29   26   24   23   24   25   28   31   34   35   36   37   37
   37   39   41   43   48   52   57   60   62   64   66   68   71   75   78   83
   87   91   94   97  100  104  106  109  111  113  114  115  114  112  109  106
  101   97   94   92   92   92   92   91   88
    47.5-180.0 180.0   5.0 450.0                            LAT/LON1/LON2/DLON/H
   95   92   87   82   76   68   59   51   45   41   38   36   36   35   34   34
   35   35   34   32   29   28   28   30   33   37   40   43   44   45   44   44
   45   48   51   56   61   67   72   75   76   75   76   76   79   83   88   93
   98  101  105  108  111  115  119  122  125  128  129  129  128  125  121  116
  111  106  102  101  101  101  100   98   95
    45.0-180.0 180.0   5.0 450.0                            LAT/LON1/LON2/DLON/H
  101   98   95   91   85   77   68   60   53   49   46   43   42   40   38   39
   39   39   38   37   35   36   37   41   45   49   52   55   55   54   53   52
   53   57   61   67   74   80   84   85   85   83   81   82   85   90   95  101
  108  112  115  119  122  125  129  134  138  141  143  142  140  135  130  124
  118  113  110  109  109  109  108  105  101
    42.5-180.0 180.0   5.0 450.0                            LAT/LON1/LON2/DLON/H
  105  102   99   97   92   85   77   68   61   57   54   52   51   48   45   44
   44   44   45   45   45   46   50   54   59   63   66   66   65   63   61   60
   61   65   69   76   83   88   92   91   89   85   84   85   88   94  102  110
  118  123  126  129  131  134  138  142  147  151  152  151  147  142  135  128
  122  118  116  115  116  116  114  110  105
    40.0-180.0 180.0   5.0 450.0                            LAT/LON1/LON2/DLON/H
  108  102  100   98   95   90   82   74   68   64   62   61   59   56   53   51
   50   51   51   53   54   57   62   67   71   75   76   75   71   68   67   65
   67   70   76   82   88   93   95   93   89   85   84   86   91   99  108  118
  125  131  135  138  139  141  144  149  153  157  158  156  151  145  137  130
  124  121  120  121  123  122  120  114  108
    37.5-180.0 180.0   5.0 450.0                            LAT/LON1/LON2/DLON/H
  109  102   98   96   93   89   83   77   72   69   69   69   68   64   60   58
   57   57   58   60   63   67   72   76   79   82   81   79   74   71   69   68
   70   74   79   85   89   93   94   91   87   85   84   88   95  104  114  123
  132  137  141  145  147  148  151  154  157  161  163  160  156  148  140  134
  128  125  126  128  130  129  124  117  109
    35.0-180.0 180.0   5.0 450.0                            LAT/LON1/LON2/DLON/H
  109  100   93   90   88   84   80   76   72   72   74   75   75   72   68   64
   62   62   64   66   70   74   78   80   82   82   80   77   73   71   69   69
   71   75   80   84   88   91   90   87   85   83   84   90   99  109  119  129
  136  142  146  150  152  155  158  159  161  165  168  167  162  156  148  141
  137  135  136  138  140  137  131  121  109
    32.5-180.0 180.0   5.0 450.0                            LAT/LON1/LON2/DLON/H
  114  100   90   83   80   76   73   71   69   71   74   77   79   77   73   69
   67   66   68   71   74   77   79   80   80   77   74   72   70   68   67   68
   71   75   79   82   84   86   86   83   82   82   85   93  103  114  123  132
  139  145  150  155  160  163  167  168  169  171  175  177  175  170  163  157
  154  153  154  155  155  151  142  129  114
    30.0-180.0 180.0   5.0 450.0                            LAT/LON1/LON2/DLON/H
  124  105   89   78   72   68   64   62   63   67   71   77   80   79   76   73
   70   70   71   73   76   77   77   75   73   69   66   64   64   64   66   67
   70   74   76   78   79   79   80   79   79   81   86   95  105  116  126  134
  142  148  155  163  170  175  180  181  183  184  188  191  193  191  186  182
  180  181  182  180  177  170  159  144  124
    27.5-180.0 180.0   5.0 450.0                            LAT/LON1/LON2/DLON/H
  144  119   98   81   70   63   58   55   56   60   66   73   78   79   78   75
   73   72   72   74   75   75   73   69   66   61   59   59   61   62   64   66
   69   71   72   72   72   72   73   74   76   80   86   96  107  117  126  135
  143  151  161  172  182  192  197  200  201  202  206  211  218  219  216  216
  215  217  218  213  205  195  185  167  144
    25.0-180.0 180.0   5.0 450.0                            LAT/LON1/LON2/DLON/H
  173  146  117   93   76   66   58   52   50   53   59   67   73   76   76   75
   74   73   73   73   74   73   69   66   62   58   57   59   61   62   64   65
   67   68   67   65   65   65   66   68   72   76   85   95  107  117  126  135
  145  156  169  184  197  209  216  222  223  224  228  237  248  254  253  255
  255  257  257  251  240  229  214  198  173
    22.5-180.0 180.0   5.0 450.0                            LAT/LON1/LON2/DLON/H
  207  177  150  118   95   79   68   59   52   50   54   61   67   72   73   74
   74   74   74   73   72   70   68   65   63   61   62   64   65   66   65   64
   65   64   62   59   58   58   60   62   66   72   80   93  106  116  126  137
  149  164  180  198  213  228  238  245  247  250  254  266  281  292  296  297
  300  300  297  288  275  262  246  228  207
    20.0-180.0 180.0   5.0 450.0                            LAT/LON1/LON2/DLON/H
  244  217  185  153  125  103   89   75   63   57   55   59   64   68   71   72
   74   74   73   72   71   69   69   68   69   70   72   73   74   72   69   65
   63   61   58   56   54   53   54   56   60   66   76   89  103  115  126  139
  156  175  193  214  231  245  257  265  269  272  278  293  309  321  329  329
  330  332  334  322  308  292  277  264  244
    17.5-180.0 180.0   5.0 450.0                            LAT/LON1/LON2/DLON/H
  276  253  223  193  163  137  117   99   82   70   63   62   63   66   68   71
   73   74   73   72   70   70   72   75   78   82   85   86   85   80   73   68
   63   60   57   54   52   50   50   51   54   60   71   85  101  115  129  145
  165  187  206  228  247  262  273  281  284  287  296  312  327  337  343  345
  344  346  349  344  331  315  301  291  276
    15.0-180.0 180.0   5.0 450.0                            LAT/LON1/LON2/DLON/H
  299  282  257  229  200  175  152  131  108   89   78   71   68   68   68   70
   73   73   73   70   70   71   76   83   90   95   98   99   95   87   79   71
   64   60   56   53   51   48   47   46   49   57   69   85  102  118  135  155
  177  198  218  240  259  275  285  291  294  298  307  321  334  342  346  346
  344  344  348  348  339  326  315  308  299
    12.5-180.0 180.0   5.0 450.0                            LAT/LON1/LON2/DLON/H
  309  301  284  259  233  211  189  165  137  113   96   85   77   73   71   70
   72   73   72   70   70   73   81   90  100  107  109  109  102   93   84   74
   66   61   57   54   51   47   45   45   48   57   71   89  107  124  143  164
  186  207  226  246  266  281  289  294  298  303  312  324  334  340  343  339
  336  335  339  341  335  325  316  313  309
    10.0-180.0 180.0   5.0 450.0                            LAT/LON1/LON2/DLON/H
  310  308  300  280  257  239  221  196  166  138  118  103   90   81   75   72
   72   72   72   71   71   76   86   97  108  114  116  114  106   97   86   76
   68   63   58   55   52   49   47   46   49   60   76   95  113  131  149  170
  192  213  231  249  267  280  288  293  299  304  313  325  333  337  337  331
  326  324  326  328  325  317  311  309  310
     7.5-180.0 180.0   5.0 450.0                            LAT/LON1/LON2/DLON/H
  306  308  304  291  271  256  241  221  191  161  141  123  104   93   81   75
   73   73   73   71   73   79   91  102  114  119  120  115  107   97   87   78
   71   66   61   58   56   53   50   49   54   65   82  100  118  135  153  173
  193  214  232  248  264  276  285  292  298  305  315  326  334  337  335  328
  320  316  316  316  313  308  304  303  306
     5.0-180.0 180.0   5.0 450.0                            LAT/LON1/LON2/DLON/H
  303  307  306  296  280  266  252  232  207  181  160  141  120  103   90   81
   77   76   76   76   79   85   97  109  120  123  121  114  106   97   88   80
   74   70   66   63   61   57   54   53   57   69   86  104  122  138  156  175
  195  214  231  246  259  271  282  290  297  305  316  328  338  341  339  331
  321  313  311  309  306  302  299  299  303
     2.5-180.0 180.0   5.0 450.0                            LAT/LON1/LON2/DLON/H
  304  308  308  302  288  272  257  239  217  196  175  156  134  115  101   90
   86   83   82   85   88   95  106  118  128  128  123  115  107   98   91   83
   78   74   71   68   65   62   58   56   61   72   89  107  124  141  159  178
  195  212  228  241  254  266  276  284  293  304  315  328  339  345  344  337
  326  316  310  307  304  301  299  300  304
