data/7 day dataset/IGS corrections/igsg3010.20i
     1.0            IONOSPHERE MAPS     MIX                 IONEX VERSION / TYPE
cmpcmb v1.2          GRL/UWM            12-nov-20 16:38     PGM / RUN BY / DATE 
ionex file containing IGS COMBINED Ionosphere maps          COMMENT             
global ionosphere maps for day 301, 2020                    DESCRIPTION         
IONEX file containing the COMBINED IGS TEC MAPS and DCBs    DESCRIPTION         
      IONEX files of the following IAACs were combined: cod DESCRIPTION         
                                                        esa DESCRIPTION         
                                                        jpl DESCRIPTION         
                                                        upc DESCRIPTION         
Contact address: Andrzej Krankowski                         DESCRIPTION
                 Geodynamics Research Laboratory            DESCRIPTION
                 University of Warmia and Mazury (GRL/UWM)  DESCRIPTION
                 Oczapowski St. 1                           DESCRIPTION
                 10-957-Olsztyn, POLAND                     DESCRIPTION
                 e-mail:  kand@uwm.edu.pl                   DESCRIPTION
                                                            DESCRIPTION         
  2020    10    27     0     0     0                        EPOCH OF FIRST MAP  
  2020    10    28     0     0     0                        EPOCH OF LAST MAP   
  7200                                                      INTERVAL            
    13                                                      # OF MAPS IN FILE   
  COSZ                                                      MAPPING FUNCTION    
     0.0                                                    ELEVATION CUTOFF    
combined TEC calculated as weighted mean of input TEC valuesOBSERVABLES USED    
   420                                                      # OF STATIONS       
    31                                                      # OF SATELLITES     
  6371.0                                                    BASE RADIUS         
     2                                                      MAP DIMENSION       
   450.0 450.0   0.0                                        HGT1 / HGT2 / DHGT  
    87.5 -87.5  -2.5                                        LAT1 / LAT2 / DLAT  
  -180.0 180.0   5.0                                        LON1 / LON2 / DLON  
    -1                                                      EXPONENT            
TEC values in 0.1 tec units;  9999, if no value available   COMMENT             
DCB values in nanoseconds, reference is Sum_of_SatDCBs = 0  COMMENT             
                                                            END OF HEADER       
[from data line 1287]
     4                                                      START OF TEC MAP    
  2020    10    27     6     0     0                        EPOCH OF CURRENT MAP
    87.5-180.0 180.0   5.0 450.0                            LAT/LON1/LON2/DLON/H
   31   32   32   32   32   32   32   33   33   33   33   33   32   32   32   32
   32   32   32   32   31   31   31   31   31   31   31   31   31   31   31   31
   31   31   31   31   31   32   32   31   31   32   32   32   31   32   31   31
   31   31   32   31   31   31   31   31   31   30   30   30   30   30   30   30
   30   30   31   31   30   31   31   31   31
    85.0-180.0 180.0   5.0 450.0                            LAT/LON1/LON2/DLON/H
   30   30   31   31   32   32   33   33   34   34   34   34   33   33   33   32
   32   31   31   30   29   29   28   28   28   28   28   28   28   28   28   28
   28   29   29   29   29   29   29   29   30   29   30   30   30   30   30   31
   31   31   31   31   31   31   30   30   30   30   29   29   29   28   28   28
   27   28   28   28   28   28   29   29   30
    82.5-180.0 180.0   5.0 450.0                            LAT/LON1/LON2/DLON/H
   26   27   28   29   31   32   33   34   35   35   35   35   34   33   32   31
   30   28   27   26   26   24   24   24   23   23   23   23   23   24   24   24
   25   25   26   26   27   27   28   28   28   29   29   29   30   30   30   30
   31   31   32   32   32   32   32   31   31   31   30   29   29   28   27   26
   26   25   24   24   24   24   25   25   26
    80.0-180.0 180.0   5.0 450.0                            LAT/LON1/LON2/DLON/H
   21   22   24   26   28   30   31   33   34   34   35   34   33   32   29   28
   26   24   22   21   20   19   18   17   17   17   18   18   18   19   20   21
   22   23   24   25   25   25   26   26   27   28   28   29   30   30   31   32
   33   34   34   35   36   36   36   36   35   35   34   33   32   31   29   28
   26   24   23   22   21   20   20   21   21
    77.5-180.0 180.0   5.0 450.0                            LAT/LON1/LON2/DLON/H
   17   19   20   22   24   27   29   31   32   32   33   31   30   28   25   24
   22   20   18   16   15   14   12   13   13   13   14   15   16   17   18   19
   20   21   21   22   23   23   24   25   26   27   28   29   30   32   33   35
   37   38   40   41   42   43   44   44   43   43   42   40   39   37   35   33
   30   27   24   22   20   19   17   17   17
    75.0-180.0 180.0   5.0 450.0                            LAT/LON1/LON2/DLON/H
   17   17   18   19   21   24   26   28   30   31   30   29   27   24   22   19
   17   16   14   13   12   12   10   11   12   13   13   14   15   15   17   18
   19   19   20   21   21   21   22   23   24   26   28   30   33   35   37   40
   42   45   47   49   51   51   52   53   52   52   52   50   49   47   44   41
   38   34   30   27   23   20   18   17   17
    72.5-180.0 180.0   5.0 450.0                            LAT/LON1/LON2/DLON/H
   18   16   17   17   19   22   24   26   28   28   27   26   25   22   20   17
   16   14   13   13   12   12   12   12   13   14   15   15   17   17   17   18
   18   18   19   19   19   20   20   22   24   26   29   32   35   38   41   45
   48   51   54   57   59   60   60   61   61   61   61   60   59   57   54   51
   47   43   39   35   30   26   22   19   18
    70.0-180.0 180.0   5.0 450.0                            LAT/LON1/LON2/DLON/H
   21   18   17   17   18   19   22   24   25   25   25   24   23   20   18   17
   15   14   14   15   16   15   16   16   17   17   19   19   18   19   18   18
   18   17   17   17   17   18   19   21   23   26   30   34   38   42   46   50
   54   57   61   64   65   67   68   68   68   68   68   67   66   64   62   60
   56   52   48   44   38   34   29   25   21
    67.5-180.0 180.0   5.0 450.0                            LAT/LON1/LON2/DLON/H
   26   22   19   18   18   18   20   22   23   23   24   23   21   19   18   17
   16   17   18   18   19   20   20   21   21   21   21   21   20   20   19   18
   17   17   16   15   15   16   18   20   23   28   32   37   41   46   51   55
   59   63   66   69   70   71   71   72   71   71   71   70   69   68   67   65
   63   59   56   52   47   42   36   31   26
    65.0-180.0 180.0   5.0 450.0                            LAT/LON1/LON2/DLON/H
   32   27   23   20   18   18   19   20   22   22   23   22   20   19   18   17
   18   18   20   22   22   24   24   24   22   23   22   21   21   20   19   17
   16   16   15   14   14   15   17   20   25   30   35   41   46   51   56   60
   63   67   70   72   73   73   73   73   72   71   70   70   70   69   68   66
   65   63   60   57   54   49   44   38   32
    62.5-180.0 180.0   5.0 450.0                            LAT/LON1/LON2/DLON/H
   38   32   26   22   19   18   19   20   22   22   22   22   20   19   18   18
   19   20   22   24   24   24   24   23   22   22   21   20   19   19   18   17
   16   16   15   14   14   15   18   22   28   33   40   46   51   56   61   64
   68   71   73   74   75   75   74   73   72   70   69   68   68   67   66   66
   64   63   61   60   58   55   50   45   38
    60.0-180.0 180.0   5.0 450.0                            LAT/LON1/LON2/DLON/H
   43   36   29   24   21   19   19   20   21   22   22   21   20   19   19   19
   20   21   22   23   22   22   22   21   20   20   19   18   18   18   18   18
   17   17   16   15   16   17   21   26   32   39   46   52   58   62   66   69
   72   75   77   78   78   78   77   75   73   71   70   69   68   68   66   64
   63   62   61   61   60   58   55   49   43
    57.5-180.0 180.0   5.0 450.0                            LAT/LON1/LON2/DLON/H
   47   40   32   27   23   20   20   21   22   23   23   22   20   19   19   20
   20   21   20   20   19   19   18   17   16   17   17   17   18   18   19   20
   20   19   19   19   19   22   26   32   39   46   53   59   64   68   72   75
   78   81   84   86   86   85   84   82   79   77   75   74   73   71   69   66
   64   62   61   61   61   60   58   53   47
    55.0-180.0 180.0   5.0 450.0                            LAT/LON1/LON2/DLON/H
   50   43   36   30   25   23   22   23   23   23   23   22   21   20   19   19
   20   19   18   18   16   15   15   14   14   16   17   18   19   22   23   25
   25   24   24   24   26   29   34   39   47   54   62   68   72   76   78   82
   85   90   94   97   98   98   96   93   90   88   86   84   83   80   77   73
   69   65   63   63   63   62   60   56   50
    52.5-180.0 180.0   5.0 450.0                            LAT/LON1/LON2/DLON/H
   54   47   40   35   30   27   26   25   25   25   25   24   23   21   20   20
   20   19   17   16   15   14   14   15   16   18   19   23   24   28   30   31
   32   31   32   32   34   37   43   49   56   64   71   77   81   84   86   90
   94  101  107  111  113  114  112  108  104  102  100   99   97   94   90   84
   78   73   69   67   67   66   63   59   54
    50.0-180.0 180.0   5.0 450.0                            LAT/LON1/LON2/DLON/H
   58   51   45   40   36   34   32   30   29   28   27   27   25   24   23   22
   21   20   19   17   16   17   18   19   21   24   26   30   33   36   38   41
   42   41   41   42   43   47   52   59   67   74   81   86   90   92   95   99
  105  113  121  127  130  131  128  123  119  116  114  112  111  108  103   97
   91   84   79   76   74   71   68   63   58
    47.5-180.0 180.0   5.0 450.0                            LAT/LON1/LON2/DLON/H
   61   55   50   47   44   41   39   36   34   33   32   31   30   28   26   25
   25   24   23   23   23   24   26   29   32   35   38   41   44   47   48   50
   51   51   51   52   53   57   63   70   77   84   90   94   98  101  103  108
  116  125  133  140  144  144  141  136  130  127  124  122  121  118  114  109
  102   96   90   86   82   79   74   68   61
    45.0-180.0 180.0   5.0 450.0                            LAT/LON1/LON2/DLON/H
   66   60   56   54   52   49   47   44   41   39   38   37   36   34   32   30
   29   29   30   31   32   36   39   42   46   49   51   54   55   57   58   59
   60   60   60   60   62   66   72   78   86   93   98  103  106  109  112  118
  126  134  143  149  153  152  148  142  136  132  129  128  126  124  121  117
  112  106  100   96   92   87   81   74   66
    42.5-180.0 180.0   5.0 450.0                            LAT/LON1/LON2/DLON/H
   71   65   61   60   59   57   55   51   48   46   45   45   43   40   38   35
   35   36   38   40   44   48   53   57   61   63   64   64   64   64   64   66
   66   66   66   67   70   74   81   87   94  100  105  110  114  118  122  128
  135  143  150  154  156  153  147  140  135  132  129  128  126  124  122  120
  117  113  109  105  101   95   88   79   71
    40.0-180.0 180.0   5.0 450.0                            LAT/LON1/LON2/DLON/H
   73   67   64   64   64   63   62   59   55   53   52   52   50   47   44   41
   41   43   46   50   55   59   64   68   72   73   73   71   69   68   68   69
   69   70   71   73   76   81   88   94  101  107  112  117  122  127  132  137
  143  149  154  156  154  150  144  137  134  131  129  127  124  122  119  119
  118  116  114  112  108  102   93   83   73
    37.5-180.0 180.0   5.0 450.0                            LAT/LON1/LON2/DLON/H
   74   67   65   64   65   66   66   63   60   58   58   58   57   54   50   48
   48   50   53   58   63   67   71   75   77   77   76   73   71   69   69   70
   71   72   73   75   79   85   92  100  107  113  118  123  129  136  141  147
  151  155  158  157  154  149  144  141  139  137  135  132  128  123  119  119
  119  119  118  116  113  106   97   85   74
    35.0-180.0 180.0   5.0 450.0                            LAT/LON1/LON2/DLON/H
   73   65   61   61   63   64   65   64   62   61   62   63   63   60   57   54
   54   56   59   63   67   71   75   77   77   77   75   72   69   67   67   69
   70   72   73   76   81   87   94  103  111  119  124  129  136  143  152  158
  162  164  165  163  159  156  153  154  155  155  153  150  144  136  128  125
  123  123  122  121  117  109   99   85   73
    32.5-180.0 180.0   5.0 450.0                            LAT/LON1/LON2/DLON/H
   70   61   55   54   55   58   59   60   60   61   63   65   67   65   63   61
   60   60   63   66   69   72   73   74   74   72   70   67   65   64   64   66
   68   70   71   74   79   87   96  107  116  124  129  135  143  153  162  169
  174  177  177  177  176  175  176  181  186  188  188  186  178  165  151  143
  137  133  130  128  123  113  100   85   70
    30.0-180.0 180.0   5.0 450.0                            LAT/LON1/LON2/DLON/H
   69   58   49   46   46   48   50   52   54   57   61   65   68   69   67   66
   65   65   66   67   69   70   70   69   69   67   65   63   61   60   60   62
   64   67   68   70   75   85   96  109  119  127  134  142  151  161  172  183
  190  195  200  204  207  209  212  223  231  236  239  238  229  211  191  175
  161  151  144  138  131  119  103   86   69
    27.5-180.0 180.0   5.0 450.0                            LAT/LON1/LON2/DLON/H
   73   59   47   41   38   38   41   42   45   50   55   62   67   68   69   69
   68   68   68   68   68   68   67   66   65   63   61   59   57   56   56   57
   59   61   63   65   71   83   96  110  122  132  140  149  161  173  186  198
  210  219  230  242  249  255  261  277  287  293  298  301  289  272  243  220
  196  177  164  154  143  127  109   90   73
    25.0-180.0 180.0   5.0 450.0                            LAT/LON1/LON2/DLON/H
   81   64   52   42   36   34   34   34   37   43   50   57   63   66   68   69
   69   69   70   69   69   68   67   65   63   62   60   58   55   52   50   51
   53   53   55   59   67   80   95  111  125  135  145  156  170  185  200  216
  232  247  263  283  297  307  316  333  343  350  359  364  355  335  303  274
  240  212  190  175  160  140  121  100   81
    22.5-180.0 180.0   5.0 450.0                            LAT/LON1/LON2/DLON/H
   97   78   63   51   42   37   34   33   35   40   46   53   58   63   65   66
   68   69   70   70   70   69   69   67   66   64   62   58   53   48   45   44
   44   46   49   54   63   77   94  112  127  139  151  165  180  198  216  234
  254  275  295  319  339  351  363  374  383  394  407  415  410  387  356  327
  289  252  222  201  180  160  137  118   97
    20.0-180.0 180.0   5.0 450.0                            LAT/LON1/LON2/DLON/H
  117   98   84   68   57   49   44   41   39   41   45   50   55   59   60   62
   64   67   69   71   71   72   71   71   70   68   65   59   52   44   39   38
   37   40   44   50   60   75   94  113  127  141  156  172  191  212  232  252
  274  297  318  342  361  373  383  391  398  410  425  435  436  423  394  366
  331  293  259  231  204  182  159  138  117
    17.5-180.0 180.0   5.0 450.0                            LAT/LON1/LON2/DLON/H
  145  126  107   91   77   67   62   57   52   48   49   52   55   56   56   57
   60   64   67   70   72   73   75   75   74   72   68   60   50   41   36   33
   33   36   41   47   58   75   94  113  130  145  162  181  202  226  248  268
  289  311  330  347  362  372  378  382  388  399  413  425  430  424  405  382
  356  323  291  262  233  208  185  161  145
    15.0-180.0 180.0   5.0 450.0                            LAT/LON1/LON2/DLON/H
  173  153  136  120  103   91   84   78   70   63   59   57   57   56   54   55
   57   62   66   69   72   74   76   77   78   76   69   60   49   40   34   32
   32   34   38   46   59   77   97  115  132  148  167  188  213  238  261  280
  297  313  328  340  350  356  359  359  363  373  385  395  405  404  393  379
  360  335  310  285  260  235  212  189  173
    12.5-180.0 180.0   5.0 450.0                            LAT/LON1/LON2/DLON/H
  199  181  163  149  131  117  108  101   94   83   73   68   64   60   56   55
   56   60   64   67   69   72   75   78   79   77   71   61   50   41   35   33
   32   33   38   46   61   80  100  118  134  150  171  195  222  248  270  285
  298  309  318  326  330  332  332  331  333  340  349  359  368  374  371  364
  353  336  316  295  277  256  235  216  199
    10.0-180.0 180.0   5.0 450.0                            LAT/LON1/LON2/DLON/H
  218  202  187  172  156  142  132  126  119  105   91   83   76   69   63   59
   58   59   62   64   66   69   73   76   78   76   71   63   53   44   38   34
   33   33   39   49   65   84  104  119  135  152  175  200  224  249  269  285
  295  302  307  310  311  311  309  308  308  312  318  327  337  344  347  345
  339  327  312  297  282  268  250  232  218
     7.5-180.0 180.0   5.0 450.0                            LAT/LON1/LON2/DLON/H
  228  215  202  186  171  160  152  147  142  129  112  101   90   83   73   67
   65   63   62   61   62   65   69   72   74   73   70   65   57   48   42   38
   36   36   42   53   68   86  104  120  134  152  174  198  222  243  263  280
  289  295  300  301  300  298  297  296  297  298  302  309  317  323  327  328
  325  316  304  290  281  270  255  242  228
     5.0-180.0 180.0   5.0 450.0                            LAT/LON1/LON2/DLON/H
  233  221  208  193  179  169  164  161  159  148  132  118  107  101   89   83
   75   70   66   62   60   62   65   68   71   73   72   69   62   54   48   43
   41   40   45   56   71   88  103  118  134  151  172  194  215  234  254  272
  283  292  299  302  303  301  300  298  298  299  302  306  310  314  317  319
  316  307  295  282  274  267  256  244  233
     2.5-180.0 180.0   5.0 450.0                            LAT/LON1/LON2/DLON/H
  233  222  210  196  183  174  170  168  165  156  143  133  124  118  109  101
   91   82   76   67   61   61   63   66   70   73   75   74   69   61   54   49
   46   44   49   59   73   89  104  117  131  149  168  189  207  226  245  263
  278  293  305  312  316  316  315  313  311  312  314  316  316  317  318  318
  312  302  288  275  268  262  255  244  233
