data/7 day dataset/IGS corrections/igsg2990.20i
     1.0            IONOSPHERE MAPS     MIX                 IONEX VERSION / TYPE
cmpcmb v1.2          GRL/UWM            12-nov-20 16:27     PGM / RUN BY / DATE 
ionex file containing IGS COMBINED Ionosphere maps          COMMENT             
global ionosphere maps for day 299, 2020                    DESCRIPTION         
IONEX file containing the COMBINED IGS TEC MAPS and DCBs    DESCRIPTION         
      IONEX files of the following IAACs were combined: cod DESCRIPTION         
                                                        esa DESCRIPTION         
                                                        jpl DESCRIPTION         
                                                        upc DESCRIPTION         
Contact address: Andrzej Krankowski                         DESCRIPTION
                 Geodynamics Research Laboratory            DESCRIPTION
                 University of Warmia and Mazury (GRL/UWM)  DESCRIPTION
                 Oczapowski St. 1                           DESCRIPTION
                 10-957-Olsztyn, POLAND                     DESCRIPTION
                 e-mail:  kand@uwm.edu.pl                   DESCRIPTION
                                                            DESCRIPTION         
  2020    10    25     0     0     0                        EPOCH OF FIRST MAP  
  2020    10    26     0     0     0                        EPOCH OF LAST MAP   
  7200                                                      INTERVAL            
    13                                                      # OF MAPS IN FILE   
  COSZ                                                      MAPPING FUNCTION    
     0.0                                                    ELEVATION CUTOFF    
combined TEC calculated as weighted mean of input TEC valuesOBSERVABLES USED    
   413                                                      # OF STATIONS       
    31                                                      # OF SATELLITES     
  6371.0                                                    BASE RADIUS         
     2                                                      MAP DIMENSION       
   450.0 450.0   0.0                                        HGT1 / HGT2 / DHGT  
    87.5 -87.5  -2.5                                        LAT1 / LAT2 / DLAT  
  -180.0 180.0   5.0                                        LON1 / LON2 / DLON  
    -1                                                      EXPONENT            
TEC values in 0.1 tec units;  9999, if no value available   COMMENT             
DCB values in nanoseconds, reference is Sum_of_SatDCBs = 0  COMMENT             
                                                            END OF HEADER       
[from data line 1287]
     4                                                      START OF TEC MAP    
  2020    10    25     6     0     0                        EPOCH OF CURRENT MAP
    87.5-180.0 180.0   5.0 450.0                            LAT/LON1/LON2/DLON/H
   31   31   32   31   32   32   32   32   32   32   32   32   32   31   31   31
   31   31   31   31   30   30   30   30   30   30   30   30   30   30   30   30
   31   30   31   31   31   31   31   31   31   31   31   31   31   31   31   31
   31   31   31   31   31   31   31   31   31   31   31   31   31   30   30   30
   30   30   30   31   31   31   31   31   31
    85.0-180.0 180.0   5.0 450.0                            LAT/LON1/LON2/DLON/H
   30   30   30   31   31   32   32   33   33   32   33   32   32   32   32   31
   30   30   29   28   28   27   27   27   27   27   27   27   27   27   28   28
   28   29   29   30   31   30   31   31   31   31   31   31   31   31   31   31
   31   31   31   31   31   31   31   31   30   30   30   29   29   29   29   28
   28   28   28   28   28   28   28   29   30
    82.5-180.0 180.0   5.0 450.0                            LAT/LON1/LON2/DLON/H
   27   28   29   30   31   32   33   33   34   34   34   33   32   32   30   29
   28   26   25   24   23   22   22   23   22   22   23   23   24   24   25   26
   27   28   29   29   30   30   31   31   32   32   32   32   31   31   32   32
   32   32   32   32   32   32   31   31   31   31   30   30   29   28   27   26
   26   25   25   25   24   25   25   26   27
    80.0-180.0 180.0   5.0 450.0                            LAT/LON1/LON2/DLON/H
   23   24   26   28   30   31   33   34   34   34   34   33   32   31   29   27
   25   22   21   19   18   17   17   17   17   17   18   19   20   21   22   23
   25   26   27   28   29   29   30   30   31   31   32   32   32   32   32   32
   33   33   34   34   35   35   35   34   34   33   33   32   31   30   28   27
   25   24   23   22   21   21   21   22   23
    77.5-180.0 180.0   5.0 450.0                            LAT/LON1/LON2/DLON/H
   20   21   23   26   29   31   32   34   35   36   35   34   32   30   27   25
   22   20   18   16   15   14   13   14   13   14   15   16   17   19   20   20
   21   23   25   26   27   27   28   29   29   30   31   31   32   33   33   34
   34   36   37   38   39   40   40   40   40   40   39   38   36   35   33   31
   28   26   23   22   20   19   19   19   20
    75.0-180.0 180.0   5.0 450.0                            LAT/LON1/LON2/DLON/H
   19   20   22   24   27   30   32   34   35   36   36   34   32   29   26   23
   21   18   16   14   14   13   13   13   14   14   15   16   17   18   19   20
   21   21   22   23   24   25   26   26   28   29   30   32   33   35   36   37
   38   40   42   44   45   46   47   48   48   47   47   46   44   43   40   38
   35   31   28   25   23   21   20   19   19
    72.5-180.0 180.0   5.0 450.0                            LAT/LON1/LON2/DLON/H
   20   20   21   23   25   28   30   33   35   35   34   33   30   27   26   23
   21   18   17   16   16   15   15   16   16   17   18   18   19   19   19   19
   20   19   20   20   21   22   23   24   26   27   30   32   34   37   39   41
   43   45   48   50   52   54   55   56   56   56   56   55   54   52   49   47
   44   40   36   32   29   26   24   22   20
    70.0-180.0 180.0   5.0 450.0                            LAT/LON1/LON2/DLON/H
   23   21   21   22   23   25   28   30   32   32   32   31   28   27   26   24
   21   21   21   19   20   20   20   21   21   21   21   22   21   20   20   19
   18   18   17   17   18   19   19   22   24   27   30   33   36   39   42   45
   48   51   54   57   59   62   63   64   64   64   64   64   63   61   58   56
   53   49   45   41   37   33   29   26   23
    67.5-180.0 180.0   5.0 450.0                            LAT/LON1/LON2/DLON/H
   27   24   21   21   21   23   25   27   29   30   30   29   27   26   25   24
   24   23   23   23   24   25   26   26   26   25   24   23   22   21   20   18
   17   16   15   14   15   15   17   19   23   27   31   35   39   43   47   50
   54   57   61   64   67   68   70   70   71   70   70   69   68   67   65   63
   60   57   53   50   45   41   36   31   27
    65.0-180.0 180.0   5.0 450.0                            LAT/LON1/LON2/DLON/H
   32   26   23   21   20   21   22   24   26   27   27   27   26   25   25   24
   25   25   26   27   28   28   29   29   28   26   25   24   22   20   19   17
   16   14   13   12   12   14   16   19   23   29   33   39   43   48   52   56
   59   63   67   70   72   74   75   74   74   73   72   72   70   69   68   67
   66   63   60   57   53   49   43   38   32
    62.5-180.0 180.0   5.0 450.0                            LAT/LON1/LON2/DLON/H
   37   31   26   22   20   19   20   21   23   24   25   25   25   24   24   24
   25   26   27   28   29   29   29   28   27   25   23   22   21   19   17   16
   15   14   12   11   12   13   16   20   26   32   38   44   49   54   58   61
   65   69   73   76   78   79   78   77   75   74   73   71   70   70   69   68
   67   66   64   62   59   55   49   44   37
    60.0-180.0 180.0   5.0 450.0                            LAT/LON1/LON2/DLON/H
   43   36   29   24   21   19   19   20   21   22   23   23   23   23   23   24
   25   26   27   27   27   26   26   25   23   21   20   20   19   17   16   16
   16   14   14   13   14   15   19   25   31   38   45   51   56   60   64   68
   72   75   79   82   84   84   82   80   77   75   74   72   71   70   70   69
   68   67   66   64   62   59   55   50   43
    57.5-180.0 180.0   5.0 450.0                            LAT/LON1/LON2/DLON/H
   49   42   35   29   24   21   20   21   22   22   22   22   22   23   23   24
   25   25   25   25   24   22   21   20   18   17   16   18   17   17   17   18
   17   17   17   16   17   20   25   31   39   47   54   60   65   69   73   76
   79   83   86   89   90   90   88   86   82   80   78   76   74   73   72   71
   69   68   67   66   65   62   59   54   49
    55.0-180.0 180.0   5.0 450.0                            LAT/LON1/LON2/DLON/H
   55   48   41   34   29   25   24   24   24   24   23   23   23   22   23   23
   24   24   23   21   19   18   16   15   15   15   16   17   17   19   20   21
   22   22   22   22   24   27   33   41   49   58   66   72   76   79   81   84
   88   91   95   97   99   99   97   94   91   89   86   84   81   80   78   76
   72   70   69   67   66   65   64   60   55
    52.5-180.0 180.0   5.0 450.0                            LAT/LON1/LON2/DLON/H
   61   54   48   42   36   32   30   28   27   27   26   25   24   24   24   24
   24   23   21   19   17   16   15   15   16   17   18   20   22   23   26   27
   28   28   29   30   33   37   44   53   61   70   78   83   87   89   91   93
   96  101  106  108  109  110  109  106  103  100   98   95   92   89   86   83
   79   76   73   71   70   69   68   66   61
    50.0-180.0 180.0   5.0 450.0                            LAT/LON1/LON2/DLON/H
   67   61   55   49   45   41   38   36   33   31   30   29   28   27   27   26
   25   24   22   20   17   16   17   17   19   22   24   27   29   31   33   35
   36   36   37   39   43   49   56   66   74   83   89   94   97   99  101  103
  107  112  116  120  122  122  122  120  117  114  111  107  103  100   95   92
   87   83   80   77   75   74   74   71   67
    47.5-180.0 180.0   5.0 450.0                            LAT/LON1/LON2/DLON/H
   71   66   62   57   53   49   46   43   40   37   35   34   33   32   31   30
   29   27   25   24   22   22   23   25   28   31   34   37   39   41   41   42
   43   44   45   49   53   61   70   79   87   94  100  104  106  108  109  112
  116  122  126  131  133  134  133  131  129  125  121  116  112  108  104  100
   96   91   88   84   82   80   79   75   71
    45.0-180.0 180.0   5.0 450.0                            LAT/LON1/LON2/DLON/H
   75   71   66   63   60   57   54   51   47   43   42   41   39   38   36   35
   33   32   31   30   30   31   34   36   40   43   46   47   49   49   49   48
   49   50   53   57   63   71   81   90   97  104  108  111  113  115  117  120
  126  131  136  140  142  142  141  138  135  131  127  122  118  114  110  107
  103   99   95   92   88   86   83   80   75
    42.5-180.0 180.0   5.0 450.0                            LAT/LON1/LON2/DLON/H
   77   73   68   66   64   61   59   56   52   50   49   48   46   45   42   40
   39   38   38   39   40   42   45   49   52   55   57   57   57   56   54   54
   54   55   59   63   71   80   91   99  105  110  113  116  119  122  124  128
  132  139  143  146  146  146  143  140  137  133  128  124  119  115  112  109
  107  104  101   98   95   90   86   82   77
    40.0-180.0 180.0   5.0 450.0                            LAT/LON1/LON2/DLON/H
   77   72   68   66   65   63   62   60   57   56   55   54   53   52   49   46
   45   45   46   48   50   53   56   59   62   64   64   63   62   60   58   58
   58   60   63   69   77   87   97  104  109  114  117  121  125  128  131  134
  138  143  147  148  148  146  142  140  137  132  127  122  116  113  110  109
  109  107  106  103  100   95   90   83   77
    37.5-180.0 180.0   5.0 450.0                            LAT/LON1/LON2/DLON/H
   75   70   65   64   63   62   61   61   60   59   59   60   60   58   55   52
   51   52   53   55   58   61   63   66   68   69   68   66   64   61   60   60
   61   63   65   72   80   90  100  107  113  117  121  125  130  133  136  139
  142  145  147  148  147  145  142  140  137  132  127  122  116  112  111  110
  110  109  109  107  104   99   92   83   75
    35.0-180.0 180.0   5.0 450.0                            LAT/LON1/LON2/DLON/H
   74   66   61   59   58   58   59   59   59   60   62   64   66   65   62   58
   57   57   58   60   62   65   67   69   70   69   68   65   63   61   60   61
   63   64   66   72   82   92  102  109  115  119  124  128  134  138  142  145
  147  148  148  148  147  146  144  143  141  138  134  129  125  120  117  115
  113  113  113  112  109  102   93   83   74
    32.5-180.0 180.0   5.0 450.0                            LAT/LON1/LON2/DLON/H
   71   62   56   52   52   53   54   55   56   59   63   67   70   70   68   64
   62   62   62   63   64   66   67   67   68   66   64   61   60   58   59   61
   62   64   66   72   81   92  102  110  116  121  126  132  139  144  149  151
  152  153  153  153  153  153  153  154  154  152  150  147  145  140  134  129
  125  121  121  118  115  107   96   83   71
    30.0-180.0 180.0   5.0 450.0                            LAT/LON1/LON2/DLON/H
   74   62   53   48   46   47   48   50   52   56   62   67   72   73   72   69
   66   65   64   64   64   65   64   64   63   61   59   57   55   55   57   60
   62   63   65   71   79   90  101  110  116  122  129  137  145  151  155  157
  159  161  162  165  167  169  171  174  176  177  177  178  177  172  163  154
  144  139  134  130  126  116  103   88   74
    27.5-180.0 180.0   5.0 450.0                            LAT/LON1/LON2/DLON/H
   83   69   56   48   45   43   43   45   46   51   58   65   71   74   74   72
   70   68   66   64   63   62   62   62   61   58   55   52   51   52   54   57
   60   61   63   68   77   87   99  109  117  125  134  142  151  159  164  167
  171  174  178  183  187  192  196  202  207  210  214  219  222  217  204  190
  173  162  152  146  142  130  115   99   83
    25.0-180.0 180.0   5.0 450.0                            LAT/LON1/LON2/DLON/H
  100   83   67   56   49   45   43   42   43   47   54   62   68   73   74   73
   71   70   68   65   63   62   62   62   60   58   54   50   48   49   50   53
   56   58   60   65   74   86   98  109  119  130  139  149  159  167  175  181
  186  192  198  206  214  222  229  237  243  250  258  268  273  272  254  234
  210  192  176  168  162  150  134  117  100
    22.5-180.0 180.0   5.0 450.0                            LAT/LON1/LON2/DLON/H
  123  106   88   71   60   52   48   44   43   45   51   58   65   70   71   72
   72   71   69   66   64   64   65   65   64   60   55   51   47   46   47   49
   51   53   56   62   71   84   98  111  123  135  146  156  166  177  187  196
  204  213  222  233  245  252  263  273  282  291  304  318  328  327  305  282
  251  226  205  194  185  173  158  141  123
    20.0-180.0 180.0   5.0 450.0                            LAT/LON1/LON2/DLON/H
  151  135  114   92   77   66   59   52   47   47   50   56   62   66   68   70
   71   71   70   68   66   68   70   71   70   66   58   52   47   44   44   45
   46   49   52   58   68   83   98  113  127  140  153  164  176  188  200  211
  222  235  248  259  274  281  293  303  313  324  338  356  371  372  351  326
  292  262  238  224  211  199  183  168  151
    17.5-180.0 180.0   5.0 450.0                            LAT/LON1/LON2/DLON/H
  182  163  139  114   96   84   76   66   57   52   51   56   60   63   65   67
   70   70   70   69   69   72   76   78   78   72   63   54   48   44   43   42
   42   44   48   55   67   83  100  116  132  145  160  172  184  198  213  227
  242  257  271  282  295  304  314  322  332  343  356  375  393  396  380  355
  325  295  271  255  239  226  210  195  182
    15.0-180.0 180.0   5.0 450.0                            LAT/LON1/LON2/DLON/H
  207  188  162  138  117  102   92   83   71   62   57   58   60   62   63   66
   68   70   70   69   71   75   81   85   85   78   67   57   50   46   42   39
   39   40   45   53   67   85  103  120  136  151  165  179  194  209  226  242
  261  274  288  300  310  317  324  330  338  349  362  380  397  402  390  367
  341  316  296  281  266  251  234  220  207
    12.5-180.0 180.0   5.0 450.0                            LAT/LON1/LON2/DLON/H
  228  209  184  161  139  122  110  100   88   74   67   64   63   63   63   65
   67   69   69   69   71   77   85   90   89   83   71   61   53   47   43   39
   38   39   44   54   70   88  107  124  140  155  171  186  202  219  238  255
  273  287  298  307  314  320  324  328  336  346  358  372  387  393  386  369
  346  326  309  297  285  270  253  240  228
    10.0-180.0 180.0   5.0 450.0                            LAT/LON1/LON2/DLON/H
  242  226  203  181  159  141  128  117  104   90   79   73   69   67   66   66
   68   69   69   69   71   78   87   93   92   85   74   64   56   50   45   42
   39   40   45   56   73   92  110  127  143  158  175  190  206  224  243  262
  278  291  300  307  313  318  321  325  332  340  348  359  370  376  374  364
  345  327  313  304  294  280  266  254  242
     7.5-180.0 180.0   5.0 450.0                            LAT/LON1/LON2/DLON/H
  252  237  218  196  175  158  145  134  120  105   93   85   79   76   72   71
   71   71   71   69   72   78   88   93   92   85   76   67   60   55   50   46
   43   43   48   60   76   95  112  127  143  159  175  192  209  225  244  261
  276  288  298  305  312  318  322  325  330  336  341  347  352  357  357  352
  340  325  313  304  296  286  274  263  252
     5.0-180.0 180.0   5.0 450.0                            LAT/LON1/LON2/DLON/H
  259  245  226  208  189  171  159  147  133  120  109  100   92   88   83   81
   80   79   76   73   74   79   87   92   91   85   78   70   64   59   55   50
   47   47   51   62   79   96  112  127  143  158  174  191  207  224  241  257
  270  282  293  303  313  321  327  330  332  336  339  340  339  340  343  342
  335  322  310  301  294  287  280  270  259
     2.5-180.0 180.0   5.0 450.0                            LAT/LON1/LON2/DLON/H
  265  251  235  217  200  182  168  157  144  133  123  115  108  104   98   96
   94   92   87   82   79   82   87   92   91   87   81   74   69   64   60   55
   51   50   55   65   81   97  111  125  140  154  170  187  204  220  236  250
  263  275  288  302  315  326  333  335  336  339  341  336  330  329  333  335
  330  318  306  299  293  288  284  276  265
