data/7 day dataset/IGS corrections/igsg3050.20i
     1.0            IONOSPHERE MAPS     MIX                 IONEX VERSION / TYPE
cmpcmb v1.2          GRL/UWM            12-nov-20 17:00     PGM / RUN BY / DATE 
ionex file containing IGS COMBINED Ionosphere maps          COMMENT             
global ionosphere maps for day 305, 2020                    DESCRIPTION         
IONEX file containing the COMBINED IGS TEC MAPS and DCBs    DESCRIPTION         
      IONEX files of the following IAACs were combined: cod DESCRIPTION         
                                                        esa DESCRIPTION         
                                                        jpl DESCRIPTION         
                                                        upc DESCRIPTION         
Contact address: Andrzej Krankowski                         DESCRIPTION
                 Geodynamics Research Laboratory            DESCRIPTION
                 University of Warmia and Mazury (GRL/UWM)  DESCRIPTION
                 Oczapowski St. 1                           DESCRIPTION
                 10-957-Olsztyn, POLAND                     DESCRIPTION
                 e-mail:  kand@uwm.edu.pl                   DESCRIPTION
                                                            DESCRIPTION         
  2020    10    31     0     0     0                        EPOCH OF FIRST MAP  
  2020    11     1     0     0     0                        EPOCH OF LAST MAP   
  7200                                                      INTERVAL            
    13                                                      # OF MAPS IN FILE   
  COSZ                                                      MAPPING FUNCTION    
     0.0                                                    ELEVATION CUTOFF    
combined TEC calculated as weighted mean of input TEC valuesOBSERVABLES USED    
   441                                                      # OF STATIONS       
    31                                                      # OF SATELLITES     
  6371.0                                                    BASE RADIUS         
     2                                                      MAP DIMENSION       
   450.0 450.0   0.0                                        HGT1 / HGT2 / DHGT  
    87.5 -87.5  -2.5                                        LAT1 / LAT2 / DLAT  
  -180.0 180.0   5.0                                        LON1 / LON2 / DLON  
    -1                                                      EXPONENT            
TEC values in 0.1 tec units;  9999, if no value available   COMMENT             
DCB values in nanoseconds, reference is Sum_of_SatDCBs = 0  COMMENT             
                                                            END OF HEADER       
[from data line 5148]
    13                                                      START OF TEC MAP    
  2020    11     1     0     0     0                        EPOCH OF CURRENT MAP
    87.5-180.0 180.0   5.0 450.0                            LAT/LON1/LON2/DLON/H
   33   33   33   34   34   34   34   35   35   35   35   35   35   35   34   34
   34   34   34   33   33   33   33   32   32   30   30   29   28   27   27   26
   26   25   24   23   23   23   23   23   22   22   22   22   22   22   22   23
   23   23   23   23   23   24   24   25   26   27   27   28   28   29   29   29
   30   30   30   31   31   31   32   32   33
    85.0-180.0 180.0   5.0 450.0                            LAT/LON1/LON2/DLON/H
   36   36   37   37   38   39   39   40   40   40   40   41   40   40   40   40
   39   39   38   38   37   36   35   34   33   31   30   28   26   25   24   23
   22   21   20   20   19   19   19   19   19   19   19   20   20   20   21   21
   21   22   22   22   23   23   23   24   25   26   27   28   29   29   29   30
   30   31   32   32   33   33   34   35   36
    82.5-180.0 180.0   5.0 450.0                            LAT/LON1/LON2/DLON/H
   39   40   41   42   43   44   45   45   46   46   46   47   46   47   47   46
   46   45   44   42   41   39   39   37   34   33   29   28   25   23   22   21
   20   18   18   17   17   17   16   17   18   18   19   20   20   21   21   22
   22   23   24   24   25   25   25   25   26   26   28   29   29   30   30   31
   31   32   33   34   35   36   37   38   39
    80.0-180.0 180.0   5.0 450.0                            LAT/LON1/LON2/DLON/H
   42   44   45   46   47   48   49   50   51   53   53   53   53   52   52   51
   51   49   49   47   46   44   41   36   35   34   31   29   27   23   22   20
   18   17   16   15   16   16   16   17   18   19   20   21   22   23   23   23
   24   25   25   25   25   25   25   25   26   27   28   29   29   30   31   32
   34   35   36   37   38   39   40   41   42
    77.5-180.0 180.0   5.0 450.0                            LAT/LON1/LON2/DLON/H
   47   48   49   50   51   52   53   55   56   56   56   57   56   56   56   55
   54   52   52   51   50   46   44   41   38   35   32   29   26   24   22   19
   17   16   15   14   15   15   16   18   20   21   23   24   25   25   25   25
   25   24   24   24   23   22   22   23   25   26   27   29   30   31   33   36
   37   38   40   42   43   43   44   46   47
    75.0-180.0 180.0   5.0 450.0                            LAT/LON1/LON2/DLON/H
   52   53   53   53   54   55   56   58   59   59   60   60   59   57   55   55
   55   54   53   51   47   46   44   42   39   36   33   30   27   23   21   19
   18   16   15   14   15   15   16   18   19   21   23   25   27   27   26   25
   24   23   22   21   19   19   19   20   22   24   26   28   31   34   36   39
   42   44   45   47   49   50   50   51   52
    72.5-180.0 180.0   5.0 450.0                            LAT/LON1/LON2/DLON/H
   58   58   57   58   58   58   59   60   61   62   62   61   58   56   55   53
   52   50   48   46   45   44   42   41   38   37   33   30   27   25   23   20
   18   17   16   15   15   15   16   17   19   20   22   24   25   25   25   23
   21   20   19   17   17   16   17   18   21   23   26   29   34   37   40   43
   46   49   51   54   55   57   57   58   58
    70.0-180.0 180.0   5.0 450.0                            LAT/LON1/LON2/DLON/H
   65   64   63   62   62   62   63   63   64   64   63   61   58   55   53   50
   46   44   43   42   42   41   40   40   37   35   32   30   28   25   23   21
   19   17   16   16   16   15   16   17   18   20   21   22   22   23   21   20
   19   17   16   15   14   14   15   17   20   24   27   31   36   40   43   48
   51   54   57   60   62   64   65   65   65
    67.5-180.0 180.0   5.0 450.0                            LAT/LON1/LON2/DLON/H
   73   71   69   68   67   67   67   67   67   66   65   62   58   54   50   45
   41   40   38   38   38   38   38   37   36   34   31   29   27   25   23   21
   20   18   17   17   16   15   15   15   16   18   19   20   20   19   19   18
   17   15   14   13   12   12   14   17   20   25   30   34   39   43   47   51
   55   59   62   66   69   71   73   73   73
    65.0-180.0 180.0   5.0 450.0                            LAT/LON1/LON2/DLON/H
   80   78   76   74   72   71   71   71   70   70   68   64   60   55   49   44
   40   37   36   36   36   36   36   36   34   32   30   28   26   24   23   21
   20   18   17   16   15   15   14   14   15   16   17   17   18   18   18   17
   16   15   14   13   12   13   14   18   22   28   33   38   43   48   52   55
   59   63   68   72   75   78   80   81   80
    62.5-180.0 180.0   5.0 450.0                            LAT/LON1/LON2/DLON/H
   88   86   83   81   78   76   75   75   74   74   71   66   61   56   51   46
   42   39   38   37   36   36   36   34   32   30   28   27   25   23   22   20
   19   18   17   16   15   14   13   13   14   15   16   17   18   19   19   19
   18   17   16   14   14   15   17   21   26   32   38   43   48   53   56   60
   63   67   72   78   81   85   87   88   88
    60.0-180.0 180.0   5.0 450.0                            LAT/LON1/LON2/DLON/H
   96   94   92   89   85   82   80   79   78   77   74   70   65   59   54   50
   46   43   42   40   38   36   34   32   30   28   26   25   24   22   21   20
   19   18   17   16   16   15   15   15   15   17   19   20   22   22   23   22
   21   20   19   18   18   18   21   25   31   38   44   50   55   60   62   65
   68   73   78   83   88   91   94   96   96
    57.5-180.0 180.0   5.0 450.0                            LAT/LON1/LON2/DLON/H
  105  103  101   98   93   88   85   83   81   80   77   73   69   64   60   55
   52   49   46   43   39   36   33   30   28   27   25   24   23   21   21   20
   19   19   19   18   18   19   19   20   20   22   25   27   27   28   28   28
   27   26   25   23   22   22   25   29   36   43   51   58   63   67   69   72
   75   79   85   90   95   99  102  104  105
    55.0-180.0 180.0   5.0 450.0                            LAT/LON1/LON2/DLON/H
  114  113  112  109  103   97   92   88   86   83   80   77   73   69   65   61
   57   54   50   46   41   36   32   27   26   26   25   24   24   24   23   23
   23   23   23   24   25   25   27   28   29   31   34   35   35   35   35   35
   34   33   31   30   28   28   30   34   41   49   57   65   70   74   78   80
   83   88   93   99  104  107  110  113  114
    52.5-180.0 180.0   5.0 450.0                            LAT/LON1/LON2/DLON/H
  124  124  123  119  113  106  100   95   90   87   84   81   78   74   71   67
   63   59   54   48   41   36   31   27   28   29   28   28   27   28   28   29
   29   30   31   32   34   35   37   39   40   42   44   45   45   44   43   42
   41   40   39   37   36   35   37   39   46   54   63   71   77   83   87   90
   94   98  104  109  114  116  120  123  124
    50.0-180.0 180.0   5.0 450.0                            LAT/LON1/LON2/DLON/H
  132  132  132  129  124  116  109  102   97   93   89   86   83   80   76   73
   68   63   56   51   43   37   33   31   32   35   35   35   35   35   36   37
   38   39   41   42   45   48   51   51   52   53   54   55   53   51   49   49
   48   47   47   45   43   43   43   45   50   59   68   78   84   91   97  101
  105  110  116  121  125  127  129  131  132
    47.5-180.0 180.0   5.0 450.0                            LAT/LON1/LON2/DLON/H
  138  138  138  136  132  125  118  111  106  101   97   93   89   86   82   78
   72   66   59   53   46   42   39   39   41   43   43   44   44   45   46   47
   48   50   52   55   58   60   62   64   63   63   63   63   61   59   57   56
   55   54   53   52   50   48   48   51   57   65   75   84   92  100  106  113
  117  122  128  133  136  137  138  138  138
    45.0-180.0 180.0   5.0 450.0                            LAT/LON1/LON2/DLON/H
  142  142  142  141  137  132  125  119  114  109  105  101   98   94   88   83
   77   70   63   57   53   51   50   52   53   52   53   54   54   54   56   57
   59   61   64   66   68   71   72   73   72   71   70   69   68   66   64   62
   60   59   58   57   55   53   53   57   64   73   82   92  101  108  116  123
  128  133  138  143  146  146  144  143  142
    42.5-180.0 180.0   5.0 450.0                            LAT/LON1/LON2/DLON/H
  144  143  143  142  140  136  131  126  122  118  114  110  107  102   96   89
   82   75   69   66   64   63   64   66   65   65   64   64   63   64   65   66
   68   71   74   75   77   78   79   79   78   77   75   74   73   72   69   67
   64   63   62   61   58   57   58   62   71   79   89   99  108  116  124  131
  136  141  146  151  154  154  150  147  144
    40.0-180.0 180.0   5.0 450.0                            LAT/LON1/LON2/DLON/H
  147  144  143  142  141  139  136  132  129  126  122  119  115  111  104   96
   89   83   78   77   77   76   77   78   77   75   74   73   72   71   72   74
   76   78   80   81   82   82   82   82   81   81   79   78   77   76   73   70
   67   65   65   63   61   60   62   68   77   86   96  105  114  122  130  137
  142  146  151  158  163  162  158  152  147
    37.5-180.0 180.0   5.0 450.0                            LAT/LON1/LON2/DLON/H
  155  149  146  144  143  141  140  139  136  133  130  127  124  120  114  105
   97   92   88   87   87   86   87   87   85   84   82   79   77   77   77   78
   81   83   84   84   85   85   85   86   85   85   83   82   81   78   75   72
   69   66   65   63   62   62   66   73   83   93  103  111  119  127  136  144
  148  152  158  166  172  174  170  162  155
    35.0-180.0 180.0   5.0 450.0                            LAT/LON1/LON2/DLON/H
  169  162  156  154  151  147  148  147  144  140  137  134  132  129  122  114
  105   99   96   94   94   93   92   92   90   89   86   83   81   80   80   81
   83   85   85   86   86   87   87   88   88   88   87   85   82   79   76   71
   68   65   63   62   61   63   68   77   89  100  109  116  124  133  142  151
  157  163  171  178  187  190  187  179  169
    32.5-180.0 180.0   5.0 450.0                            LAT/LON1/LON2/DLON/H
  195  187  182  176  171  165  161  159  154  150  144  141  138  136  130  121
  112  104  101   98   97   95   93   92   91   90   88   85   84   84   84   84
   85   86   87   87   88   89   89   90   91   91   89   86   82   79   75   70
   66   62   59   59   59   61   68   79   92  104  114  121  128  137  147  159
  169  178  189  198  209  212  211  204  195
    30.0-180.0 180.0   5.0 450.0                            LAT/LON1/LON2/DLON/H
  231  225  222  215  204  196  185  178  170  163  153  148  144  142  135  126
  117  109  103   99   94   91   89   88   87   88   88   87   88   89   88   87
   86   87   88   89   90   91   92   93   94   93   90   86   82   78   73   68
   63   59   56   55   56   59   67   79   94  107  118  126  133  142  154  169
  183  198  212  225  238  241  241  238  231
    27.5-180.0 180.0   5.0 450.0                            LAT/LON1/LON2/DLON/H
  278  277  276  269  256  239  221  208  194  180  166  156  152  147  140  130
  119  111  104   97   89   86   82   81   84   87   90   92   95   96   94   91
   89   89   90   91   92   93   94   93   94   93   91   87   82   76   70   64
   59   55   53   52   53   56   65   79   95  110  121  130  138  149  163  180
  198  218  237  255  269  277  280  282  278
    25.0-180.0 180.0   5.0 450.0                            LAT/LON1/LON2/DLON/H
  334  339  344  336  319  298  272  250  229  205  184  169  160  155  144  132
  120  111  103   94   85   80   78   79   85   91   97  101  104  104  102   97
   93   91   92   95   96   97   96   94   94   93   91   88   81   73   65   59
   54   51   50   50   50   54   64   79   96  112  124  134  144  157  173  192
  214  238  262  284  303  318  326  335  334
    22.5-180.0 180.0   5.0 450.0                            LAT/LON1/LON2/DLON/H
  392  410  418  409  389  365  338  305  272  240  211  188  173  163  150  135
  122  112  102   93   83   79   80   86   95  104  111  115  116  116  113  106
   99   94   95   99  100   99   96   94   94   93   89   84   76   67   59   54
   50   48   48   48   49   52   63   79   98  115  128  140  152  165  183  204
  230  255  283  307  331  349  365  380  392
    20.0-180.0 180.0   5.0 450.0                            LAT/LON1/LON2/DLON/H
  439  463  475  470  451  425  403  367  324  283  245  214  191  175  160  144
  128  116  105   94   88   87   93  104  116  127  133  134  131  131  127  116
  105   99   98  102  102   99   96   94   92   88   82   76   70   61   54   49
   46   46   47   47   48   52   63   80  100  118  134  147  161  177  196  218
  244  269  296  322  348  366  385  413  439
    17.5-180.0 180.0   5.0 450.0                            LAT/LON1/LON2/DLON/H
  449  484  509  513  500  479  453  422  380  331  283  246  216  194  177  160
  142  128  115  106  103  105  116  132  145  153  157  154  149  145  141  126
  112  103  101  101  101   98   95   90   87   82   76   69   62   55   49   46
   45   45   46   46   47   53   65   83  104  123  140  156  172  190  211  233
  255  277  298  321  344  361  381  411  449
    15.0-180.0 180.0   5.0 450.0                            LAT/LON1/LON2/DLON/H
  432  474  507  523  521  508  490  468  430  378  326  285  248  224  204  185
  167  150  135  128  130  135  148  164  176  182  178  172  165  158  151  135
  118  107  103  102  100   96   92   86   80   76   72   66   58   51   47   45
   45   46   45   45   48   55   69   87  108  129  147  164  182  202  223  243
  261  278  295  313  326  341  360  390  432
    12.5-180.0 180.0   5.0 450.0                            LAT/LON1/LON2/DLON/H
  400  442  477  502  513  511  501  487  461  418  368  324  286  260  240  228
  203  183  165  164  169  173  184  196  203  201  193  182  173  166  156  140
  124  111  105  102   98   94   88   81   76   74   71   65   57   50   46   46
   47   47   45   45   48   58   72   91  112  132  152  171  190  210  231  248
  264  276  288  299  309  319  335  361  400
    10.0-180.0 180.0   5.0 450.0                            LAT/LON1/LON2/DLON/H
  366  401  431  459  479  488  489  483  470  442  402  360  324  300  280  275
  249  227  204  206  214  211  214  220  218  207  193  180  172  166  156  143
  127  114  108  103   98   91   85   79   76   75   73   67   59   51   47   47
   48   47   44   43   47   58   75   95  116  134  154  173  194  214  234  250
  263  273  280  288  294  302  314  335  366
     7.5-180.0 180.0   5.0 450.0                            LAT/LON1/LON2/DLON/H
  336  360  385  410  433  449  456  460  459  447  421  387  356  341  322  315
  298  272  248  248  253  240  233  230  217  198  182  170  164  161  154  143
  128  117  109  103   97   89   83   78   76   78   76   69   60   52   49   48
   47   46   43   42   46   57   76   98  118  136  154  173  194  215  234  250
  263  271  277  283  289  295  304  317  336
     5.0-180.0 180.0   5.0 450.0                            LAT/LON1/LON2/DLON/H
  321  331  346  366  385  403  416  427  435  435  423  401  383  368  356  345
  330  308  286  281  277  257  243  230  206  182  165  158  155  154  151  141
  128  117  109  101   95   87   80   77   77   80   78   71   61   53   49   47
   46   44   41   40   43   56   76   99  119  135  151  170  192  213  232  248
  261  272  279  287  293  299  306  312  321
     2.5-180.0 180.0   5.0 450.0                            LAT/LON1/LON2/DLON/H
  323  322  326  338  353  367  379  392  402  413  412  400  388  380  371  361
  347  328  308  296  284  264  245  223  193  167  153  148  150  151  149  139
  128  117  108   99   93   84   78   76   79   80   76   69   60   53   49   47
   45   42   38   37   41   55   76   98  117  132  146  164  186  208  228  244
  260  274  285  297  306  315  320  323  323
