data/7 day dataset/IGS corrections/igsg2990.20i
     1.0            IONOSPHERE MAPS     MIX                 IONEX VERSION / TYPE
cmpcmb v1.2          GRL/UWM            12-nov-20 16:27     PGM / RUN BY / DATE 
ionex file containing IGS COMBINED Ionosphere maps          COMMENT             
global ionosphere maps for day 299, 2020                    DESCRIPTION         
IONEX file containing the COMBINED IGS TEC MAPS and DCBs    DESCRIPTION         
      IONEX files of the following IAACs were combined: cod DESCRIPTION         
                                                        esa DESCRIPTION         
                                                        jpl DESCRIPTION         
                                                        upc DESCRIPTION         
Contact address: Andrzej Krankowski                         DESCRIPTION
                 Geodynamics Research Laboratory            DESCRIPTION
                 University of Warmia and Mazury (GRL/UWM)  DESCRIPTION
                 Oczapowski St. 1                           DESCRIPTION
                 10-957-Olsztyn, POLAND                     DESCRIPTION
                 e-mail:  kand@uwm.edu.pl                   DESCRIPTION
                                                            DESCRIPTION         
  2020    10    25     0     0     0                        EPOCH OF FIRST MAP  
  2020    10    26     0     0     0                        EPOCH OF LAST MAP   
  7200                                                      INTERVAL            
    13                                                      # OF MAPS IN FILE   
  COSZ                                                      MAPPING FUNCTION    
     0.0                                                    ELEVATION CUTOFF    
combined TEC calculated as weighted mean of input TEC valuesOBSERVABLES USED    
   413                                                      # OF STATIONS       
    31                                                      # OF SATELLITES     
  6371.0                                                    BASE RADIUS         
     2                                                      MAP DIMENSION       
   450.0 450.0   0.0                                        HGT1 / HGT2 / DHGT  
    87.5 -87.5  -2.5                                        LAT1 / LAT2 / DLAT  
  -180.0 180.0   5.0                                        LON1 / LON2 / DLON  
    -1                                                      EXPONENT            
TEC values in 0.1 tec units;  9999, if no value available   COMMENT             
DCB values in nanoseconds, reference is Sum_of_SatDCBs = 0  COMMENT             
                                                            END OF HEADER       
     1                                                      START OF TEC MAP    
  2020    10    25     0     0     0                        EPOCH OF CURRENT MAP
    87.5-180.0 180.0   5.0 450.0                            LAT/LON1/LON2/DLON/H
   34   34   34   34   34   34   34   34   34   34   34   33   33   33   32   32
   31   30   29   29   28   28   27   26   26   25   24   23   23   22   22   22
   22   22   21   21   21   21   21   21   21   22   22   22   22   23   23   24
   24   24   25   25   25   26   26   27   27   28   28   29   29   29   30   30
   31   31   32   32   32   33   33   33   34
    85.0-180.0 180.0   5.0 450.0                            LAT/LON1/LON2/DLON/H
   40   40   41   42   42   42   42   42   42   42   41   41   40   40   39   38
   37   36   34   33   31   29   27   26   24   23   22   20   19   18   17   16
   16   15   15   15   15   16   15   16   16   17   18   18   19   20   20   21
   22   23   23   24   24   25   26   26   27   28   29   30   30   31   32   32
   33   34   35   36   37   38   39   40   40
    82.5-180.0 180.0   5.0 450.0                            LAT/LON1/LON2/DLON/H
   45   46   47   48   49   49   50   50   50   50   50   50   49   48   47   46
   44   43   41   38   34   32   29   26   24   22   20   18   17   16   15   14
   13   12   13   12   13   14   15   15   16   17   18   18   19   20   20   21
   22   23   24   25   25   26   26   27   27   28   29   30   31   32   32   34
   35   37   37   39   40   41   42   43   45
    80.0-180.0 180.0   5.0 450.0                            LAT/LON1/LON2/DLON/H
   47   49   50   51   52   52   53   53   54   54   54   54   53   52   51   49
   48   45   43   41   37   36   32   28   27   24   21   19   17   15   13   13
   13   12   12   13   13   14   15   16   17   18   19   20   21   21   21   22
   22   23   24   25   25   26   26   26   27   27   29   29   31   32   32   34
   35   37   38   39   40   41   43   45   47
    77.5-180.0 180.0   5.0 450.0                            LAT/LON1/LON2/DLON/H
   48   49   51   52   53   54   55   56   57   58   58   58   57   56   54   52
   52   50   49   46   44   39   37   32   30   26   23   20   18   16   15   14
   14   14   14   15   16   17   18   19   19   20   21   22   22   22   23   23
   23   23   23   23   24   24   24   24   24   25   26   26   28   29   30   32
   33   35   36   37   39   41   44   46   48
    75.0-180.0 180.0   5.0 450.0                            LAT/LON1/LON2/DLON/H
   48   50   52   53   55   56   57   58   60   60   59   59   57   56   56   56
   54   53   50   46   43   43   40   36   32   30   27   24   22   20   19   18
   18   18   18   19   19   20   21   22   23   23   23   24   23   23   23   22
   22   22   21   21   21   21   20   20   21   21   22   23   24   25   27   28
   30   32   34   36   38   41   43   46   48
    72.5-180.0 180.0   5.0 450.0                            LAT/LON1/LON2/DLON/H
   50   52   54   55   56   58   59   60   60   61   60   59   57   58   57   55
   54   51   48   46   44   44   42   38   35   33   31   28   26   24   23   23
   23   22   22   23   23   23   24   24   24   24   24   23   23   22   22   21
   21   19   18   18   17   16   16   16   17   17   19   20   21   23   24   26
   28   29   32   35   38   42   44   48   50
    70.0-180.0 180.0   5.0 450.0                            LAT/LON1/LON2/DLON/H
   53   55   56   57   58   59   60   61   61   62   61   60   59   58   55   54
   52   49   47   45   43   43   41   39   36   35   33   31   28   27   27   26
   26   25   24   25   24   24   24   24   23   22   22   21   20   20   19   18
   17   16   14   13   13   13   13   13   14   15   17   19   21   22   24   25
   28   30   32   36   39   43   47   51   53
    67.5-180.0 180.0   5.0 450.0                            LAT/LON1/LON2/DLON/H
   57   59   60   60   60   60   61   61   62   62   62   61   59   56   54   51
   47   45   44   41   39   40   39   38   36   34   32   30   28   28   28   27
   26   25   25   24   24   22   21   20   19   19   18   18   18   19   18   17
   15   13   11   11   11   11   12   13   15   17   19   22   24   26   28   30
   32   34   36   40   44   48   52   55   57
    65.0-180.0 180.0   5.0 450.0                            LAT/LON1/LON2/DLON/H
   62   63   64   63   63   62   62   62   63   63   63   61   60   58   53   49
   45   42   39   37   36   35   36   36   34   33   31   29   27   26   25   25
   25   23   23   22   20   19   17   15   15   14   16   16   18   18   19   18
   15   13   12   12   13   14   14   16   18   21   24   29   32   35   37   38
   39   41   44   47   50   54   57   61   62
    62.5-180.0 180.0   5.0 450.0                            LAT/LON1/LON2/DLON/H
   68   69   68   67   66   65   64   64   64   65   65   63   62   60   55   50
   45   40   37   35   33   32   32   32   32   31   28   27   25   24   23   22
   21   21   20   19   17   16   14   12   13   13   15   18   19   21   23   22
   20   18   17   18   19   20   20   22   24   28   32   37   41   45   47   49
   50   51   53   54   58   61   64   67   68
    60.0-180.0 180.0   5.0 450.0                            LAT/LON1/LON2/DLON/H
   75   74   73   71   70   68   67   66   66   66   66   65   64   62   59   54
   48   42   39   35   32   30   29   29   28   27   25   25   23   21   20   18
   18   19   18   17   16   15   14   14   15   16   20   23   26   28   30   31
   30   28   28   27   27   28   29   30   33   38   42   47   52   57   59   60
   62   63   64   65   66   70   72   74   75
    57.5-180.0 180.0   5.0 450.0                            LAT/LON1/LON2/DLON/H
   81   81   80   78   75   73   71   70   69   69   68   68   67   65   63   59
   54   48   44   39   34   30   28   27   25   24   23   23   22   21   19   18
   17   17   18   19   19   19   18   19   22   26   30   35   38   42   44   45
   44   42   40   39   38   38   39   41   44   48   53   59   64   68   70   73
   74   76   76   76   77   78   79   80   81
    55.0-180.0 180.0   5.0 450.0                            LAT/LON1/LON2/DLON/H
   89   88   87   86   83   80   77   75   74   72   71   71   70   69   68   65
   61   57   52   46   39   34   30   27   25   24   24   24   24   22   20   19
   19   20   22   24   25   26   28   30   34   39   45   50   55   59   61   61
   60   57   53   52   50   50   51   52   55   59   64   70   74   77   81   84
   86   88   88   88   88   88   88   88   89
    52.5-180.0 180.0   5.0 450.0                            LAT/LON1/LON2/DLON/H
   98   97   97   95   93   89   85   82   80   77   76   75   75   74   73   71
   68   64   60   54   46   40   34   30   28   28   29   30   29   28   25   24
   25   26   28   31   34   37   41   45   50   55   61   67   72   75   75   75
   74   71   68   66   65   64   63   64   67   72   76   80   83   85   88   91
   94   97   99  100   99   99   98   98   98
    50.0-180.0 180.0   5.0 450.0                            LAT/LON1/LON2/DLON/H
  109  108  108  107  104  100   96   91   88   85   83   81   80   79   77   76
   73   70   65   60   52   46   39   36   34   35   36   38   38   35   32   30
   31   34   37   40   45   51   57   61   67   72   76   81   85   86   87   86
   85   84   82   80   78   77   76   77   80   84   88   90   91   92   93   96
   98  103  108  110  111  111  110  109  109
    47.5-180.0 180.0   5.0 450.0                            LAT/LON1/LON2/DLON/H
  119  120  119  118  116  111  106  102   98   94   91   88   87   85   82   80
   77   74   69   63   57   51   46   42   42   43   45   47   47   43   40   38
   38   42   46   51   57   65   72   78   82   85   88   90   92   92   92   91
   93   93   92   91   90   88   87   88   90   94   97   97   97   97   98  100
  103  109  116  120  122  122  121  120  119
    45.0-180.0 180.0   5.0 450.0                            LAT/LON1/LON2/DLON/H
  129  128  128  126  124  121  117  112  108  104  101   98   96   93   88   84
   79   74   70   66   61   56   52   50   50   52   54   56   55   51   48   47
   47   50   55   60   67   75   83   89   92   93   94   93   94   94   94   94
   96   99  100  100   99   98   96   96   97  101  103  104  104  104  103  106
  110  115  122  129  132  134  133  130  129
    42.5-180.0 180.0   5.0 450.0                            LAT/LON1/LON2/DLON/H
  136  134  133  131  129  126  124  120  117  114  111  108  105  101   95   89
   81   75   70   66   63   60   59   58   59   61   63   63   61   58   55   55
   56   58   62   67   73   81   89   94   96   95   93   92   92   92   94   97
  100  104  105  106  105  103  101  100  102  105  108  111  111  110  110  112
  115  120  127  135  140  143  143  140  136
    40.0-180.0 180.0   5.0 450.0                            LAT/LON1/LON2/DLON/H
  144  139  136  132  130  129  128  127  124  122  120  118  115  110  104   94
   84   76   70   66   65   64   64   65   67   68   69   68   66   62   60   60
   62   64   66   71   76   83   90   94   95   93   91   90   90   91   94   97
  101  104  107  107  104  102  100  100  104  109  113  116  117  117  117  118
  121  126  132  140  147  151  151  148  144
    37.5-180.0 180.0   5.0 450.0                            LAT/LON1/LON2/DLON/H
  151  143  137  131  129  128  131  131  129  128  128  126  125  121  113  103
   90   79   71   68   68   68   69   71   72   73   72   70   67   64   62   63
   65   67   68   71   75   82   88   92   92   90   89   88   88   90   94   96
   99  101  103  101   97   96   95   97  103  110  116  120  122  124  124  125
  127  131  137  145  153  158  158  155  151
    35.0-180.0 180.0   5.0 450.0                            LAT/LON1/LON2/DLON/H
  158  150  141  134  130  130  132  133  133  133  134  134  134  132  125  114
   99   85   75   71   71   72   73   74   75   75   72   70   66   63   62   63
   66   68   69   70   73   79   85   89   88   88   88   87   88   90   94   95
   95   96   95   92   89   88   89   93  102  111  118  124  128  130  132  133
  135  138  143  150  159  164  166  164  158
    32.5-180.0 180.0   5.0 450.0                            LAT/LON1/LON2/DLON/H
  169  162  152  143  137  136  137  138  138  140  140  141  143  143  139  128
  112   94   82   76   74   75   75   75   74   73   69   66   63   60   60   62
   65   68   69   70   72   77   82   86   86   86   87   87   89   92   93   93
   91   88   85   81   80   80   83   90  100  110  119  127  133  137  140  142
  144  146  151  158  166  172  175  174  169
    30.0-180.0 180.0   5.0 450.0                            LAT/LON1/LON2/DLON/H
  188  182  173  162  154  150  150  149  149  147  147  148  151  153  151  142
  125  106   91   81   77   75   73   72   70   69   65   62   60   58   59   62
   66   68   69   70   73   77   81   85   86   86   87   88   91   92   91   87
   83   78   74   70   69   71   76   86   97  109  119  129  136  142  146  149
  152  155  160  168  176  183  188  190  188
    27.5-180.0 180.0   5.0 450.0                            LAT/LON1/LON2/DLON/H
  214  212  205  193  184  178  173  170  166  162  159  158  161  164  162  155
  138  119  101   88   79   74   70   67   65   64   63   61   60   59   60   63
   66   69   71   73   76   78   82   86   87   87   88   89   90   90   86   79
   74   67   63   60   60   63   70   82   95  108  120  130  138  145  152  156
  161  165  171  180  190  199  207  212  214
    25.0-180.0 180.0   5.0 450.0                            LAT/LON1/LON2/DLON/H
  248  252  249  239  227  218  211  202  193  184  177  171  171  174  173  164
  148  129  109   92   80   73   67   63   61   62   63   64   64   63   64   66
   69   72   75   78   81   83   85   87   89   88   89   89   88   85   79   71
   64   58   54   52   52   57   67   80   95  108  120  131  140  149  157  164
  170  176  185  196  207  218  229  239  248
    22.5-180.0 180.0   5.0 450.0                            LAT/LON1/LON2/DLON/H
  286  296  300  296  284  271  259  243  228  214  201  189  183  184  180  170
  155  136  116   96   82   72   66   62   63   66   70   73   73   73   72   73
   73   76   80   84   87   88   89   90   90   89   88   87   84   79   72   63
   56   51   48   47   49   55   66   81   96  109  121  132  141  151  161  170
  179  188  201  213  227  239  252  269  286
    20.0-180.0 180.0   5.0 450.0                            LAT/LON1/LON2/DLON/H
  320  341  352  358  350  335  316  293  270  247  229  212  200  193  185  172
  158  141  119   99   84   74   68   67   71   77   84   87   88   86   85   83
   82   84   88   94   96   95   94   92   90   89   86   83   79   73   65   56
   50   46   45   45   48   55   67   82   99  113  124  135  144  153  164  177
  188  201  217  231  246  259  274  294  320
    17.5-180.0 180.0   5.0 450.0                            LAT/LON1/LON2/DLON/H
  344  375  398  412  409  395  374  350  318  288  261  239  220  207  192  176
  161  144  123  103   89   80   77   79   86   95  102  106  105  102   99   95
   94   95  100  105  106  102   97   93   89   86   83   80   74   67   59   51
   47   45   45   46   49   55   68   85  104  119  130  140  149  158  170  184
  199  216  233  250  267  278  291  313  344
    15.0-180.0 180.0   5.0 450.0                            LAT/LON1/LON2/DLON/H
  352  388  422  445  450  443  424  398  363  327  297  270  244  224  203  183
  166  149  130  112   99   93   93   99  108  117  124  126  124  119  115  110
  108  107  112  116  114  108  100   92   86   82   79   74   69   62   54   49
   45   46   47   48   51   57   70   88  108  126  138  148  156  165  177  192
  210  231  250  268  282  292  304  323  352
    12.5-180.0 180.0   5.0 450.0                            LAT/LON1/LON2/DLON/H
  344  379  417  447  463  466  452  427  393  358  329  302  272  247  218  195
  176  158  141  126  116  114  117  124  134  143  148  147  142  136  131  126
  122  121  122  123  119  110  101   91   83   78   74   70   65   60   54   49
   47   48   49   49   51   58   73   91  113  131  144  153  163  173  185  201
  221  244  263  280  292  300  308  320  344
    10.0-180.0 180.0   5.0 450.0                            LAT/LON1/LON2/DLON/H
  329  357  393  423  446  459  454  435  406  376  352  327  300  273  239  213
  192  173  157  146  142  142  146  154  162  170  171  166  157  151  146  141
  138  134  132  129  123  111   99   89   82   76   72   69   65   60   56   52
   50   50   50   49   50   59   74   95  117  135  148  158  168  179  191  207
  228  251  271  286  296  301  305  312  329
     7.5-180.0 180.0   5.0 450.0                            LAT/LON1/LON2/DLON/H
  310  330  358  390  414  431  434  424  403  380  362  345  323  297  266  235
  212  194  178  173  172  176  179  185  189  194  189  178  168  162  159  155
  150  145  139  133  124  109   96   87   80   76   72   70   66   62   58   55
   52   52   51   49   50   60   77  100  121  137  150  160  171  183  196  212
  233  255  273  286  294  299  301  303  310
     5.0-180.0 180.0   5.0 450.0                            LAT/LON1/LON2/DLON/H
  299  309  329  356  379  397  404  401  385  371  362  353  339  319  292  261
  237  221  206  203  206  212  214  213  214  211  198  184  175  169  168  163
  158  150  142  133  123  105   93   84   80   77   74   71   68   66   62   59
   55   53   51   49   51   62   82  104  124  139  150  160  172  184  199  215
  235  254  272  285  293  297  299  299  299
     2.5-180.0 180.0   5.0 450.0                            LAT/LON1/LON2/DLON/H
  302  303  313  332  353  370  377  375  364  355  353  352  347  334  314  288
  264  248  235  230  233  241  242  237  231  220  199  183  177  175  172  168
  160  150  140  128  117  100   89   83   80   78   75   73   71   69   66   61
   57   55   52   49   52   65   85  108  126  138  148  157  169  183  198  214
  232  250  269  283  293  300  303  304  302
