data/7 day dataset/IGS corrections/igsg3000.20i
     1.0            IONOSPHERE MAPS     MIX                 IONEX VERSION / TYPE
cmpcmb v1.2          GRL/UWM            12-nov-20 16:33     PGM / RUN BY / DATE 
ionex file containing IGS COMBINED Ionosphere maps          COMMENT             
global ionosphere maps for day 300, 2020                    DESCRIPTION         
IONEX file containing the COMBINED IGS TEC MAPS and DCBs    DESCRIPTION         
      IONEX files of the following IAACs were combined: cod DESCRIPTION         
                                                        esa DESCRIPTION         
                                                        jpl DESCRIPTION         
                                                        upc DESCRIPTION         
Contact address: Andrzej Krankowski                         DESCRIPTION
                 Geodynamics Research Laboratory            DESCRIPTION
                 University of Warmia and Mazury (GRL/UWM)  DESCRIPTION
                 Oczapowski St. 1                           DESCRIPTION
                 10-957-Olsztyn, POLAND                     DESCRIPTION
                 e-mail:  kand@uwm.edu.pl                   DESCRIPTION
                                                            DESCRIPTION         
  2020    10    26     0     0     0                        EPOCH OF FIRST MAP  
  2020    10    27     0     0     0                        EPOCH OF LAST MAP   
  7200                                                      INTERVAL            
    13                                                      # OF MAPS IN FILE   
  COSZ                                                      MAPPING FUNCTION    
     0.0                                                    ELEVATION CUTOFF    
combined TEC calculated as weighted mean of input TEC valuesOBSERVABLES USED    
   417                                                      # OF STATIONS       
    31                                                      # OF SATELLITES     
  6371.0                                                    BASE RADIUS         
     2                                                      MAP DIMENSION       
   450.0 450.0   0.0                                        HGT1 / HGT2 / DHGT  
    87.5 -87.5  -2.5                                        LAT1 / LAT2 / DLAT  
  -180.0 180.0   5.0                                        LON1 / LON2 / DLON  
    -1                                                      EXPONENT            
TEC values in 0.1 tec units;  9999, if no value available   COMMENT             
DCB values in nanoseconds, reference is Sum_of_SatDCBs = 0  COMMENT             
                                                            END OF HEADER       
[from data line 5148]
    13                                                      START OF TEC MAP    
  2020    10    27     0     0     0                        EPOCH OF CURRENT MAP
    87.5-180.0 180.0   5.0 450.0                            LAT/LON1/LON2/DLON/H
   50   50   50   49   50   50   50   50   49   49   49   49   49   48   48   47
   47   46   45   44   42   41   39   38   38   38   37   38   36   36   35   35
   34   34   32   32   32   32   32   32   33   32   33   33   33   33   35   35
   36   36   37   37   37   39   39   39   40   40   41   41   42   42   43   44
   45   45   46   47   48   48   49   49   50
    85.0-180.0 180.0   5.0 450.0                            LAT/LON1/LON2/DLON/H
   54   55   55   56   56   57   56   57   56   57   56   56   55   54   53   51
   50   49   47   47   45   42   38   37   36   35   33   31   30   30   29   29
   28   27   27   26   26   26   27   26   27   27   26   27   28   28   29   29
   31   31   33   34   35   36   37   38   39   40   41   42   43   44   45   47
   48   49   50   51   52   52   53   53   54
    82.5-180.0 180.0   5.0 450.0                            LAT/LON1/LON2/DLON/H
   59   61   62   63   64   65   65   65   65   64   64   63   62   61   60   58
   57   54   52   49   45   43   38   36   33   31   27   26   25   23   22   21
   21   20   21   21   21   21   22   22   23   24   25   25   26   26   27   28
   28   29   30   31   33   34   35   37   38   39   41   42   43   45   46   48
   49   50   51   53   54   56   57   58   59
    80.0-180.0 180.0   5.0 450.0                            LAT/LON1/LON2/DLON/H
   62   64   65   66   68   69   70   70   71   71   72   72   70   69   64   61
   57   52   49   46   41   44   40   32   29   28   27   25   24   22   21   21
   21   21   22   21   21   21   22   23   25   25   27   27   27   27   28   27
   28   28   29   30   31   31   32   34   36   37   39   41   42   44   46   48
   50   51   53   54   56   57   59   60   62
    77.5-180.0 180.0   5.0 450.0                            LAT/LON1/LON2/DLON/H
   62   64   65   67   69   71   73   75   76   77   77   76   75   73   68   63
   59   55   50   46   44   37   36   32   34   33   31   29   27   25   24   22
   21   21   23   23   24   24   24   25   26   28   29   29   30   30   29   28
   28   28   28   28   29   29   29   30   32   34   36   38   40   42   45   47
   49   51   53   54   56   57   59   60   62
    75.0-180.0 180.0   5.0 450.0                            LAT/LON1/LON2/DLON/H
   61   63   64   66   68   72   73   76   78   79   79   79   76   70   66   61
   56   52   50   46   41   40   37   34   34   35   34   32   29   29   27   25
   24   23   23   25   26   28   28   28   29   30   31   32   32   32   31   30
   28   27   27   26   25   26   26   26   28   30   32   34   37   40   42   45
   47   49   51   53   55   57   58   60   61
    72.5-180.0 180.0   5.0 450.0                            LAT/LON1/LON2/DLON/H
   61   62   63   66   68   71   74   77   79   80   79   77   72   69   65   59
   56   51   47   44   40   41   38   36   35   37   38   38   36   31   30   29
   27   26   25   27   27   28   29   30   31   31   32   32   32   31   30   29
   28   26   24   23   23   22   23   23   26   27   29   32   35   37   40   42
   45   47   50   52   54   56   57   59   61
    70.0-180.0 180.0   5.0 450.0                            LAT/LON1/LON2/DLON/H
   62   63   65   66   68   71   74   77   79   81   80   76   71   67   61   57
   52   47   43   38   39   40   38   36   37   40   41   41   40   37   32   31
   29   27   27   27   28   28   28   29   29   30   30   30   29   28   28   26
   24   23   21   20   20   19   20   21   23   26   28   31   34   36   39   41
   44   46   49   51   54   57   58   60   62
    67.5-180.0 180.0   5.0 450.0                            LAT/LON1/LON2/DLON/H
   66   67   68   69   70   73   75   77   80   81   80   78   73   66   61   53
   47   42   36   33   37   38   37   37   38   40   42   42   41   37   34   31
   29   27   25   25   25   25   25   25   25   26   27   27   26   25   24   23
   21   20   19   19   18   18   19   21   23   26   29   32   35   38   40   41
   44   47   49   53   56   59   62   64   66
    65.0-180.0 180.0   5.0 450.0                            LAT/LON1/LON2/DLON/H
   72   73   73   73   74   76   77   79   81   82   82   80   75   67   60   51
   44   39   32   32   35   35   35   36   38   39   40   39   38   35   32   29
   26   25   24   22   22   22   21   21   21   22   23   23   23   22   21   21
   20   19   19   18   18   19   19   22   25   28   31   36   38   41   42   43
   45   48   52   56   59   63   67   70   72
    62.5-180.0 180.0   5.0 450.0                            LAT/LON1/LON2/DLON/H
   79   80   80   80   79   80   81   82   83   84   83   81   76   70   62   53
   46   39   35   34   35   32   32   33   35   35   35   34   33   31   29   26
   23   22   21   20   19   18   18   17   17   17   18   20   20   21   21   20
   20   20   19   19   19   20   21   25   28   33   37   41   43   45   46   47
   49   52   56   60   64   69   73   77   79
    60.0-180.0 180.0   5.0 450.0                            LAT/LON1/LON2/DLON/H
   87   88   89   87   86   85   84   85   86   85   84   82   78   73   68   59
   51   45   40   38   35   30   29   29   31   30   29   28   27   26   24   23
   21   20   19   19   18   16   16   15   15   16   17   19   21   22   22   22
   22   21   20   19   20   21   24   29   34   39   43   47   49   51   52   53
   55   58   62   65   70   75   80   84   87
    57.5-180.0 180.0   5.0 450.0                            LAT/LON1/LON2/DLON/H
   93   95   95   93   91   89   88   88   88   87   86   83   80   77   74   68
   61   54   49   43   36   31   28   26   27   26   24   24   24   23   22   21
   21   20   20   20   19   18   17   16   16   18   21   23   25   26   26   25
   25   24   23   21   22   24   28   32   38   44   49   53   56   59   59   61
   62   65   68   72   76   81   85   90   93
    55.0-180.0 180.0   5.0 450.0                            LAT/LON1/LON2/DLON/H
   98  100  100   98   95   93   91   90   90   89   88   86   83   81   79   76
   71   65   59   50   40   34   30   27   25   25   24   25   24   24   23   23
   24   23   24   25   25   24   23   23   24   25   28   30   31   31   32   31
   29   28   26   26   26   28   32   36   41   47   53   59   62   65   67   69
   71   73   77   80   83   87   91   94   98
    52.5-180.0 180.0   5.0 450.0                            LAT/LON1/LON2/DLON/H
  102  102  103  101   99   96   94   93   93   92   91   89   88   85   84   82
   80   75   67   58   47   40   34   30   28   29   29   29   29   30   29   29
   31   31   32   33   33   33   34   34   35   36   38   40   39   39   39   37
   35   34   32   32   31   32   35   38   42   49   57   62   66   70   73   76
   79   83   85   88   90   93   96   99  102
    50.0-180.0 180.0   5.0 450.0                            LAT/LON1/LON2/DLON/H
  102  103  103  102  101   99   97   96   96   97   96   95   93   91   89   88
   87   82   74   65   55   47   41   38   36   37   37   37   37   37   37   38
   40   42   43   43   44   45   46   45   46   48   49   50   49   48   46   45
   43   42   40   38   36   35   37   40   45   53   61   66   71   74   77   82
   86   91   95   98   98   98  100  101  102
    47.5-180.0 180.0   5.0 450.0                            LAT/LON1/LON2/DLON/H
  105  105  104  104  103  101  100  100  101  102  102  101  100   97   95   94
   91   87   79   70   61   54   50   49   48   48   48   47   47   47   47   48
   50   52   54   54   56   57   57   58   58   59   59   59   58   57   55   54
   51   49   46   43   40   39   40   44   50   58   65   72   76   79   83   88
   94  100  105  108  108  106  105  105  105
    45.0-180.0 180.0   5.0 450.0                            LAT/LON1/LON2/DLON/H
  111  110  109  110  107  106  105  105  106  108  109  109  108  105  101   98
   95   89   82   74   68   63   62   62   62   61   60   59   56   55   56   58
   59   61   64   65   66   67   67   67   67   66   66   65   64   64   63   62
   59   55   52   48   44   44   45   50   56   64   71   77   82   85   89   95
  101  107  113  118  120  117  114  113  111
    42.5-180.0 180.0   5.0 450.0                            LAT/LON1/LON2/DLON/H
  123  121  120  120  117  115  112  112  113  115  117  117  116  114  110  104
   97   90   84   79   74   73   73   74   75   74   72   68   65   63   63   65
   67   70   72   73   74   74   74   72   71   70   70   69   69   69   69   68
   65   61   57   53   50   50   52   57   64   72   79   84   88   90   95  100
  105  111  119  127  131  131  130  127  123
    40.0-180.0 180.0   5.0 450.0                            LAT/LON1/LON2/DLON/H
  147  142  141  138  133  129  125  122  122  123  124  125  125  124  119  111
  102   93   87   83   81   80   82   84   85   83   79   74   71   69   68   70
   73   76   77   78   79   78   77   75   74   73   72   72   72   73   72   71
   69   67   62   57   55   54   58   64   72   80   86   91   94   97  101  106
  109  115  125  135  145  150  153  151  147
    37.5-180.0 180.0   5.0 450.0                            LAT/LON1/LON2/DLON/H
  183  178  174  167  159  150  143  137  134  131  132  133  134  134  130  120
  108   97   90   87   87   86   88   89   90   89   83   78   74   71   70   73
   76   78   80   79   79   78   77   76   76   75   74   75   75   75   75   73
   72   69   65   60   57   57   62   70   79   87   93   98  101  104  107  113
  116  122  133  145  161  173  181  184  183
    35.0-180.0 180.0   5.0 450.0                            LAT/LON1/LON2/DLON/H
  228  225  218  207  194  181  169  157  148  141  139  139  142  144  141  131
  116  103   94   91   91   89   90   89   89   88   82   78   74   71   70   73
   76   79   80   79   79   78   78   77   76   76   76   77   77   76   74   73
   72   69   65   59   57   58   65   74   85   94  100  105  107  110  113  120
  126  132  143  158  180  201  217  227  228
    32.5-180.0 180.0   5.0 450.0                            LAT/LON1/LON2/DLON/H
  282  276  267  257  241  223  202  183  166  155  148  145  149  152  151  141
  125  110  100   95   93   90   87   84   83   82   78   75   73   70   70   73
   76   78   79   80   80   79   79   78   78   78   79   77   76   75   73   71
   70   66   62   57   55   57   65   77   88   97  105  109  113  115  119  126
  135  145  158  177  205  232  258  275  282
    30.0-180.0 180.0   5.0 450.0                            LAT/LON1/LON2/DLON/H
  339  338  324  315  296  271  243  214  188  168  156  151  153  158  158  149
  132  117  106   99   94   88   83   78   75   75   73   73   72   71   72   74
   77   79   80   80   80   80   80   81   81   81   81   78   76   73   69   68
   65   61   56   52   51   55   64   76   89   99  108  114  118  122  127  137
  147  161  178  202  234  269  300  326  339
    27.5-180.0 180.0   5.0 450.0                            LAT/LON1/LON2/DLON/H
  396  404  391  379  357  325  288  250  212  184  166  157  157  161  161  154
  138  123  111  102   94   86   78   72   70   71   73   74   75   74   76   78
   80   82   82   81   82   82   83   84   84   83   82   79   74   70   66   63
   60   56   51   47   48   52   62   75   88  100  110  118  124  129  137  149
  162  181  204  231  265  305  346  377  396
    25.0-180.0 180.0   5.0 450.0                            LAT/LON1/LON2/DLON/H
  441  460  453  441  417  379  336  287  240  202  177  163  160  161  161  155
  142  128  114  103   93   85   76   70   68   72   78   82   83   83   83   84
   85   85   85   84   83   85   86   86   85   84   81   77   72   66   61   57
   53   50   45   42   44   50   60   73   87  100  111  120  129  137  148  161
  179  200  228  258  293  336  377  413  441
    22.5-180.0 180.0   5.0 450.0                            LAT/LON1/LON2/DLON/H
  467  494  501  485  464  427  378  322  268  224  192  171  163  162  160  154
  143  130  115  102   92   83   76   73   74   80   89   95   95   95   95   93
   93   90   87   85   84   86   87   87   85   83   79   74   67   60   55   51
   48   44   40   39   41   48   59   73   88  101  113  123  134  145  157  172
  193  216  244  274  310  349  389  429  467
    20.0-180.0 180.0   5.0 450.0                            LAT/LON1/LON2/DLON/H
  465  506  522  516  496  458  413  353  295  246  209  184  169  163  160  155
  145  131  116  103   93   87   83   84   89   99  110  118  115  111  111  105
  101   95   89   86   84   86   87   86   84   80   76   69   62   55   49   46
   43   40   37   37   39   46   59   74   90  103  116  128  140  153  167  184
  206  229  251  278  311  346  381  420  465
    17.5-180.0 180.0   5.0 450.0                            LAT/LON1/LON2/DLON/H
  442  491  528  534  514  478  430  378  322  271  231  201  181  170  164  159
  150  137  121  106   97   94   98  105  114  126  137  147  140  130  125  116
  110  102   93   86   84   85   86   85   82   77   72   66   58   51   46   42
   40   38   37   36   39   47   60   77   93  108  122  136  149  163  179  197
  217  238  257  280  305  333  362  395  442
    15.0-180.0 180.0   5.0 450.0                            LAT/LON1/LON2/DLON/H
  403  455  501  521  509  478  437  392  344  297  256  224  198  185  176  171
  162  150  132  116  109  111  121  133  145  159  166  172  163  149  140  128
  119  108   97   89   86   86   86   84   80   75   69   62   55   49   45   40
   39   38   37   37   41   50   62   79   98  115  130  145  159  174  191  209
  227  245  261  278  295  315  335  362  403
    12.5-180.0 180.0   5.0 450.0                            LAT/LON1/LON2/DLON/H
  359  405  452  479  481  460  429  395  359  322  285  254  224  209  198  196
  185  173  154  138  133  139  152  164  175  185  187  187  176  163  154  140
  128  114  102   92   88   87   86   84   79   74   67   61   54   49   44   40
   39   38   37   38   41   50   65   84  103  121  137  153  168  184  202  219
  235  251  264  275  287  298  309  326  359
    10.0-180.0 180.0   5.0 450.0                            LAT/LON1/LON2/DLON/H
  318  355  395  425  437  429  409  387  367  342  314  287  258  245  231  228
  222  209  186  171  167  174  185  192  195  197  196  190  179  169  161  149
  137  121  108   97   92   89   87   84   80   74   67   60   53   48   43   41
   39   38   37   37   40   50   66   87  107  125  142  159  176  193  210  227
  242  255  265  273  280  284  287  296  318
     7.5-180.0 180.0   5.0 450.0                            LAT/LON1/LON2/DLON/H
  287  311  344  375  391  392  383  372  364  353  337  314  292  287  274  269
  265  253  229  213  208  211  215  213  204  196  191  185  176  170  164  157
  144  129  116  104   98   93   90   86   81   74   66   60   53   48   44   42
   39   38   36   34   37   49   68   90  111  128  146  164  183  201  219  234
  247  257  266  273  277  277  275  276  287
     5.0-180.0 180.0   5.0 450.0                            LAT/LON1/LON2/DLON/H
  273  285  308  334  352  360  359  355  354  355  349  337  327  327  325  318
  311  298  277  261  248  244  239  225  207  191  181  177  173  171  167  161
  151  138  123  111  103   98   93   88   81   73   66   60   54   48   45   42
   39   37   35   33   36   49   69   92  112  130  147  166  187  207  224  239
  250  259  268  277  281  281  276  272  273
     2.5-180.0 180.0   5.0 450.0                            LAT/LON1/LON2/DLON/H
  282  283  294  313  331  341  343  342  342  347  349  346  344  348  353  353
  345  330  314  300  282  268  254  232  207  185  174  173  173  173  170  164
  155  143  131  118  109  100   93   87   79   72   65   59   54   50   46   43
   40   38   34   32   35   49   70   93  113  128  145  164  187  209  227  241
  252  261  272  283  291  294  291  286  282
