data/7 day dataset/IGS corrections/igsg3020.20i
     1.0            IONOSPHERE MAPS     MIX                 IONEX VERSION / TYPE
cmpcmb v1.2          GRL/UWM            12-nov-20 16:43     PGM / RUN BY / DATE 
ionex file containing IGS COMBINED Ionosphere maps          COMMENT             
global ionosphere maps for day 302, 2020                    DESCRIPTION         
IONEX file containing the COMBINED IGS TEC MAPS and DCBs    DESCRIPTION         
      IONEX files of the following IAACs were combined: cod DESCRIPTION         
                                                        esa DESCRIPTION         
                                                        jpl DESCRIPTION         
                                                        upc DESCRIPTION         
Contact address: Andrzej Krankowski                         DESCRIPTION
                 Geodynamics Research Laboratory            DESCRIPTION
                 University of Warmia and Mazury (GRL/UWM)  DESCRIPTION
                 Oczapowski St. 1                           DESCRIPTION
                 10-957-Olsztyn, POLAND                     DESCRIPTION
                 e-mail:  kand@uwm.edu.pl                   DESCRIPTION
                                                            DESCRIPTION         
  2020    10    28     0     0     0                        EPOCH OF FIRST MAP  
  2020    10    29     0     0     0                        EPOCH OF LAST MAP   
  7200                                                      INTERVAL            
    13                                                      # OF MAPS IN FILE   
  COSZ                                                      MAPPING FUNCTION    
     0.0                                                    ELEVATION CUTOFF    
combined TEC calculated as weighted mean of input TEC valuesOBSERVABLES USED    
   428                                                      # OF STATIONS       
    31                                                      # OF SATELLITES     
  6371.0                                                    BASE RADIUS         
     2                                                      MAP DIMENSION       
   450.0 450.0   0.0                                        HGT1 / HGT2 / DHGT  
    87.5 -87.5  -2.5                                        LAT1 / LAT2 / DLAT  
  -180.0 180.0   5.0                                        LON1 / LON2 / DLON  
    -1                                                      EXPONENT            
TEC values in 0.1 tec units;  9999, if no value available   COMMENT             
DCB values in nanoseconds, reference is Sum_of_SatDCBs = 0  COMMENT             
                                                            END OF HEADER       
[from data line 429]
     2                                                      START OF TEC MAP    
  2020    10    28     2     0     0                        EPOCH OF CURRENT MAP
    87.5-180.0 180.0   5.0 450.0                            LAT/LON1/LON2/DLON/H
   37   37   37   37   37   37   36   36   36   36   36   35   35   35   34   34
   34   33   33   32   32   32   31   30   30   30   29   30   30   30   30   30
   30   30   30   30   30   30   30   30   31   31   31   31   32   32   32   33
   33   33   34   34   34   34   35   35   35   35   35   36   36   36   36   36
   36   36   36   37   37   37   37   37   37
    85.0-180.0 180.0   5.0 450.0                            LAT/LON1/LON2/DLON/H
   38   38   38   39   39   38   38   38   38   37   37   37   36   35   34   34
   32   31   30   30   29   28   27   26   25   25   24   24   24   24   24   25
   25   25   26   26   26   27   28   28   28   29   29   30   30   31   31   31
   32   32   32   33   33   33   34   34   34   35   35   35   36   36   37   37
   37   37   38   38   38   38   38   38   38
    82.5-180.0 180.0   5.0 450.0                            LAT/LON1/LON2/DLON/H
   39   39   39   39   39   38   38   38   37   38   36   36   35   34   33   32
   31   30   28   27   26   24   23   22   21   20   19   19   19   19   19   20
   20   21   22   23   24   24   25   26   26   27   28   28   29   29   29   29
   29   30   31   31   31   31   32   32   33   33   34   35   35   37   37   37
   38   38   39   39   39   39   39   39   39
    80.0-180.0 180.0   5.0 450.0                            LAT/LON1/LON2/DLON/H
   41   40   39   39   38   38   37   37   37   37   37   37   37   36   34   33
   31   29   27   25   23   21   20   18   17   16   15   15   15   15   16   17
   18   19   20   20   22   22   24   24   25   26   27   27   27   27   27   27
   27   27   27   28   28   28   29   30   31   32   33   34   36   37   38   39
   40   41   41   42   42   42   42   41   41
    77.5-180.0 180.0   5.0 450.0                            LAT/LON1/LON2/DLON/H
   43   41   39   38   37   37   37   36   36   36   37   37   36   36   35   33
   31   28   26   23   21   20   17   15   14   13   13   12   13   14   14   16
   17   18   19   20   21   23   23   24   24   25   25   25   25   25   25   24
   24   23   24   24   24   26   27   28   30   32   34   36   37   39   41   42
   44   45   45   46   45   45   44   43   43
    75.0-180.0 180.0   5.0 450.0                            LAT/LON1/LON2/DLON/H
   45   43   42   40   39   37   36   36   35   35   35   35   36   35   34   34
   32   29   26   24   22   19   17   16   14   13   14   13   14   15   16   17
   18   19   20   20   21   22   23   23   23   23   23   23   22   22   21   21
   20   20   20   20   21   23   25   28   31   33   36   38   41   43   45   47
   48   49   50   50   50   49   48   47   45
    72.5-180.0 180.0   5.0 450.0                            LAT/LON1/LON2/DLON/H
   50   47   45   42   40   37   35   35   34   34   34   34   34   34   34   33
   31   28   26   25   23   20   19   17   16   15   16   16   17   18   18   19
   20   21   22   21   21   21   21   21   21   21   20   20   19   19   18   17
   16   16   16   17   19   22   25   29   32   36   39   43   46   48   50   52
   54   54   55   55   56   55   54   52   50
    70.0-180.0 180.0   5.0 450.0                            LAT/LON1/LON2/DLON/H
   55   52   49   46   43   39   37   35   34   33   33   33   33   33   32   32
   30   29   27   25   23   22   21   19   19   18   19   20   21   21   22   22
   22   22   23   22   22   20   19   19   18   18   17   17   16   16   15   14
   13   13   14   16   19   23   26   31   36   40   44   48   51   54   56   57
   58   59   60   60   61   60   60   58   55
    67.5-180.0 180.0   5.0 450.0                            LAT/LON1/LON2/DLON/H
   61   58   55   51   47   43   39   37   35   34   33   32   31   30   30   29
   28   28   27   26   24   24   23   22   21   21   22   23   23   24   24   24
   24   24   23   22   21   19   17   16   15   15   14   14   14   14   13   13
   12   13   14   17   20   25   31   36   41   46   50   53   56   59   60   61
   62   62   63   64   64   65   65   63   61
    65.0-180.0 180.0   5.0 450.0                            LAT/LON1/LON2/DLON/H
   66   64   61   56   51   47   43   40   37   35   33   31   29   27   27   26
   26   26   26   26   25   25   24   23   23   23   24   24   24   24   24   24
   24   23   23   20   19   17   16   15   14   13   13   13   14   14   13   13
   13   13   15   19   24   30   36   42   47   52   55   58   60   62   63   63
   64   63   65   66   66   67   68   68   66
    62.5-180.0 180.0   5.0 450.0                            LAT/LON1/LON2/DLON/H
   69   68   65   61   56   52   47   43   40   37   34   31   29   26   25   24
   23   23   25   25   25   26   25   24   23   23   23   23   23   23   23   23
   22   22   21   19   18   17   15   14   14   14   14   15   16   15   15   14
   15   16   19   23   29   36   42   49   54   58   61   63   64   65   65   65
   65   64   64   65   66   68   69   69   69
    60.0-180.0 180.0   5.0 450.0                            LAT/LON1/LON2/DLON/H
   71   70   69   65   60   56   51   47   43   39   36   32   29   27   24   22
   22   23   24   25   25   25   24   23   21   20   20   20   21   21   21   21
   21   20   20   20   20   19   18   17   17   17   18   19   20   20   19   18
   18   20   23   29   35   43   49   55   59   63   66   67   68   68   68   67
   66   65   65   65   65   67   68   70   71
    57.5-180.0 180.0   5.0 450.0                            LAT/LON1/LON2/DLON/H
   71   72   71   68   64   59   55   50   46   42   38   35   31   28   25   23
   22   23   24   25   25   24   22   20   18   18   18   18   18   19   18   19
   20   20   21   23   24   24   23   23   23   23   24   26   27   26   25   24
   23   25   29   35   42   50   55   61   65   68   70   71   72   72   72   71
   70   69   67   66   66   66   68   69   71
    55.0-180.0 180.0   5.0 450.0                            LAT/LON1/LON2/DLON/H
   72   73   73   71   67   63   58   53   49   45   41   37   33   30   27   25
   24   24   25   25   24   23   21   18   17   17   17   18   19   18   19   20
   21   23   26   30   32   33   33   32   32   32   33   34   34   34   33   31
   30   32   36   42   50   57   62   67   70   73   74   76   78   78   79   79
   78   76   73   71   69   68   68   70   72
    52.5-180.0 180.0   5.0 450.0                            LAT/LON1/LON2/DLON/H
   74   76   75   74   71   66   62   56   52   47   43   39   36   32   30   28
   26   26   26   26   25   23   21   19   18   19   19   21   23   23   22   25
   26   29   34   40   43   45   45   44   43   43   43   43   44   43   41   39
   38   39   44   50   58   63   68   72   75   77   79   82   84   85   87   88
   87   85   83   79   76   73   71   72   74
    50.0-180.0 180.0   5.0 450.0                            LAT/LON1/LON2/DLON/H
   77   79   79   79   76   72   66   61   55   50   45   41   38   35   33   31
   29   28   28   28   27   25   24   23   23   24   25   27   29   30   30   32
   34   39   46   53   56   58   58   56   55   53   53   53   52   51   49   47
   46   48   52   59   66   71   75   78   80   82   84   88   91   94   96   98
   98   96   94   89   85   80   77   76   77
    47.5-180.0 180.0   5.0 450.0                            LAT/LON1/LON2/DLON/H
   83   84   85   84   82   78   72   66   60   53   48   43   40   38   35   34
   32   31   31   31   30   30   30   30   31   33   35   37   38   39   40   43
   46   51   59   65   70   71   70   67   65   63   61   61   60   59   56   54
   53   56   61   69   74   78   81   83   85   87   90   94   99  102  105  107
  107  106  104   99   94   88   84   82   83
    45.0-180.0 180.0   5.0 450.0                            LAT/LON1/LON2/DLON/H
   89   90   90   90   89   85   79   73   65   58   51   46   43   40   39   37
   35   34   34   35   36   37   39   40   42   45   46   48   49   50   50   54
   57   63   70   77   81   81   79   76   72   70   68   66   66   65   62   60
   60   64   70   76   82   86   88   89   91   93   97  100  105  109  111  114
  115  114  113  108  101   95   91   89   89
    42.5-180.0 180.0   5.0 450.0                            LAT/LON1/LON2/DLON/H
   95   96   96   96   95   92   87   80   72   64   56   49   45   43   42   40
   38   38   38   40   43   46   49   52   54   56   57   58   58   58   58   62
   66   71   78   84   87   87   84   80   76   74   72   71   71   69   68   66
   67   71   78   85   90   94   94   95   97  100  103  107  110  113  115  118
  120  120  119  115  109  102   98   96   95
    40.0-180.0 180.0   5.0 450.0                            LAT/LON1/LON2/DLON/H
  103  102  101  100   99   97   93   88   80   71   62   54   48   46   45   43
   42   41   43   46   51   56   59   62   64   65   65   65   64   63   64   65
   70   76   82   87   89   88   84   81   78   76   75   74   74   73   72   71
   72   76   84   92   96   99  100  101  103  107  110  112  114  117  118  121
  122  123  123  120  114  109  105  104  103
    37.5-180.0 180.0   5.0 450.0                            LAT/LON1/LON2/DLON/H
  111  108  105  103  101  100   98   93   87   78   69   59   53   50   48   46
   45   45   48   53   58   64   68   70   70   69   68   66   64   63   64   66
   71   77   82   86   87   85   82   79   77   76   76   77   76   75   74   74
   75   80   88   96  100  103  105  106  108  112  116  118  120  122  123  125
  127  129  129  127  123  117  114  113  111
    35.0-180.0 180.0   5.0 450.0                            LAT/LON1/LON2/DLON/H
  123  116  110  104  102  101   99   97   92   85   75   66   58   54   52   51
   50   51   54   59   64   69   72   73   71   69   66   64   61   59   60   64
   69   75   80   82   82   79   77   76   75   75   76   77   77   76   75   74
   75   81   90   98  103  106  109  111  114  118  122  125  128  131  133  136
  138  140  140  138  135  130  128  127  123
    32.5-180.0 180.0   5.0 450.0                            LAT/LON1/LON2/DLON/H
  141  129  118  107  101   99   98   97   95   89   81   72   64   59   57   55
   55   56   59   64   68   71   73   72   69   65   62   58   55   54   56   60
   65   71   76   77   76   73   72   71   72   73   75   75   76   76   74   72
   74   80   89   99  106  109  112  116  120  125  129  134  140  145  150  154
  157  159  161  156  152  150  149  148  141
    30.0-180.0 180.0   5.0 450.0                            LAT/LON1/LON2/DLON/H
  165  150  131  114  103   97   96   96   95   92   86   78   70   65   61   60
   60   61   64   67   69   70   69   66   63   59   56   53   50   50   52   57
   63   68   71   71   69   67   67   67   69   70   72   72   73   72   70   69
   71   79   89  100  108  113  117  122  127  132  138  146  155  166  175  182
  187  186  188  182  178  177  179  175  165
    27.5-180.0 180.0   5.0 450.0                            LAT/LON1/LON2/DLON/H
  194  175  150  126  108   98   93   93   93   92   90   84   76   70   66   64
   64   65   67   68   68   66   64   60   57   55   53   50   49   50   51   56
   61   65   67   66   64   62   62   63   65   66   68   68   68   66   64   64
   68   77   90  102  111  118  124  130  137  143  151  161  175  192  206  218
  223  221  224  216  211  211  211  207  194
    25.0-180.0 180.0   5.0 450.0                            LAT/LON1/LON2/DLON/H
  228  204  174  145  121  104   94   90   90   91   92   87   80   74   69   68
   68   68   68   68   65   62   59   56   54   54   54   52   52   53   54   57
   60   63   64   62   60   59   59   59   61   62   62   62   61   59   59   60
   66   77   91  105  116  124  132  141  149  157  167  180  200  223  243  259
  263  264  267  255  248  248  248  244  228
    22.5-180.0 180.0   5.0 450.0                            LAT/LON1/LON2/DLON/H
  265  240  205  172  142  117  100   91   88   90   93   90   83   76   72   70
   70   69   69   66   63   59   56   55   56   58   59   59   59   59   59   59
   61   61   62   60   59   58   57   57   57   56   55   55   54   53   53   57
   64   77   93  108  121  132  143  153  163  174  187  201  225  256  281  299
  305  307  306  293  292  286  286  282  265
    20.0-180.0 180.0   5.0 450.0                            LAT/LON1/LON2/DLON/H
  297  275  242  208  172  140  115   99   91   90   94   93   87   79   73   71
   70   69   67   64   60   57   57   59   63   66   69   70   70   68   66   64
   63   63   62   61   60   59   57   55   53   50   48   47   47   47   49   53
   64   79   96  113  128  140  154  167  178  192  208  224  250  281  306  321
  329  330  328  324  324  319  317  313  297
    17.5-180.0 180.0   5.0 450.0                            LAT/LON1/LON2/DLON/H
  318  301  274  243  207  170  138  116  101   96   98   96   91   83   76   73
   71   69   66   62   59   58   62   68   73   78   81   83   82   78   75   71
   68   66   65   64   63   60   57   54   49   45   42   41   41   42   46   52
   64   82  101  119  135  149  165  180  195  211  229  248  269  293  312  321
  326  328  328  329  332  331  331  330  318
    15.0-180.0 180.0   5.0 450.0                            LAT/LON1/LON2/DLON/H
  323  311  295  271  239  201  165  138  118  107  106  103   97   88   80   77
   74   70   66   63   61   64   71   80   86   90   93   97   94   88   83   77
   74   70   69   68   65   62   58   53   47   41   38   37   37   39   44   52
   67   85  106  125  142  157  174  192  210  228  246  262  280  296  307  311
  312  313  313  315  323  325  327  329  323
    12.5-180.0 180.0   5.0 450.0                            LAT/LON1/LON2/DLON/H
  315  309  300  287  263  226  192  161  138  124  119  113  104   94   86   83
   78   74   69   67   67   73   82   93   99  102  103  106  103   95   89   82
   78   75   74   72   69   64   60   53   46   40   36   35   36   38   44   53
   68   88  110  129  146  162  180  199  218  237  255  268  282  292  298  298
  297  294  293  296  303  309  313  316  315
    10.0-180.0 180.0   5.0 450.0                            LAT/LON1/LON2/DLON/H
  299  299  298  293  279  249  213  183  158  142  132  124  113  103   95   90
   85   81   76   75   78   86   96  105  110  110  110  112  108  100   94   85
   81   79   78   77   72   67   62   55   47   41   37   35   36   38   44   54
   71   91  112  131  147  163  180  199  220  239  256  268  278  285  286  283
  281  277  275  276  283  289  295  299  299
     7.5-180.0 180.0   5.0 450.0                            LAT/LON1/LON2/DLON/H
  284  286  290  291  284  262  232  203  180  162  149  139  126  115  107  100
   94   90   87   88   93  101  109  115  116  114  114  115  110  102   98   89
   85   83   83   80   75   69   65   57   49   43   39   37   37   38   43   55
   73   93  114  132  147  162  179  199  218  236  252  263  273  277  277  272
  271  267  265  265  267  272  278  282  284
     5.0-180.0 180.0   5.0 450.0                            LAT/LON1/LON2/DLON/H
  274  277  282  286  284  269  246  220  199  181  166  153  140  129  122  115
  108  104  101  105  110  116  121  123  121  117  115  114  111  104  101   93
   90   87   85   82   77   71   65   58   51   46   43   40   38   39   44   56
   74   94  114  131  146  160  176  194  212  229  244  256  265  271  272  270
  269  270  269  267  265  266  269  271  274
     2.5-180.0 180.0   5.0 450.0                            LAT/LON1/LON2/DLON/H
  273  275  279  283  282  272  254  233  214  197  182  168  155  145  139  132
  126  120  119  123  127  129  132  129  124  118  115  115  112  107  104   98
   94   90   87   82   78   72   64   58   52   48   45   44   42   41   46   58
   75   95  113  130  143  156  171  186  203  218  233  247  258  266  271  274
  278  282  284  280  275  271  270  271  273
