data/7 day dataset/IGS corrections/igsg3050.20i
     1.0            IONOSPHERE MAPS     MIX                 IONEX VERSION / TYPE
cmpcmb v1.2          GRL/UWM            12-nov-20 17:00     PGM / RUN BY / DATE 
ionex file containing IGS COMBINED Ionosphere maps          COMMENT             
global ionosphere maps for day 305, 2020                    DESCRIPTION         
IONEX file containing the COMBINED IGS TEC MAPS and DCBs    DESCRIPTION         
      IONEX files of the following IAACs were combined: cod DESCRIPTION         
                                                        esa DESCRIPTION         
                                                        jpl DESCRIPTION         
                                                        upc DESCRIPTION         
Contact address: Andrzej Krankowski                         DESCRIPTION
                 Geodynamics Research Laboratory            DESCRIPTION
                 University of Warmia and Mazury (GRL/UWM)  DESCRIPTION
                 Oczapowski St. 1                           DESCRIPTION
                 10-957-Olsztyn, POLAND                     DESCRIPTION
                 e-mail:  kand@uwm.edu.pl                   DESCRIPTION
                                                            DESCRIPTION         
  2020    10    31     0     0     0                        EPOCH OF FIRST MAP  
  2020    11     1     0     0     0                        EPOCH OF LAST MAP   
  7200                                                      INTERVAL            
    13                                                      # OF MAPS IN FILE   
  COSZ                                                      MAPPING FUNCTION    
     0.0                                                    ELEVATION CUTOFF    
combined TEC calculated as weighted mean of input TEC valuesOBSERVABLES USED    
   441                                                      # OF STATIONS       
    31                                                      # OF SATELLITES     
  6371.0                                                    BASE RADIUS         
     2                                                      MAP DIMENSION       
   450.0 450.0   0.0                                        HGT1 / HGT2 / DHGT  
    87.5 -87.5  -2.5                                        LAT1 / LAT2 / DLAT  
  -180.0 180.0   5.0                                        LON1 / LON2 / DLON  
    -1                                                      EXPONENT            
TEC values in 0.1 tec units;  9999, if no value available   COMMENT             
DCB values in nanoseconds, reference is Sum_of_SatDCBs = 0  COMMENT             
                                                            END OF HEADER       
[from data line 429]
     2                                                      START OF TEC MAP    
  2020    10    31     2     0     0                        EPOCH OF CURRENT MAP
    87.5-180.0 180.0   5.0 450.0                            LAT/LON1/LON2/DLON/H
   35   35   35   34   34   33   33   33   32   32   32   31   31   31   30   30
   30   29   29   29   28   28   27   27   27   27   26   26   26   26   26   26
   27   27   27   28   28   28   29   29   30   31   31   31   32   33   33   34
   34   35   35   36   36   37   37   37   37   37   37   37   37   37   37   37
   37   37   37   37   37   36   36   36   35
    85.0-180.0 180.0   5.0 450.0                            LAT/LON1/LON2/DLON/H
   37   37   36   35   35   34   34   33   33   32   32   31   31   30   30   29
   28   28   27   26   26   25   24   23   22   22   22   21   21   21   21   22
   22   23   24   24   25   26   27   28   29   30   31   33   34   35   36   37
   37   38   39   39   40   40   41   41   41   41   42   42   42   42   42   42
   41   41   41   41   40   39   38   38   37
    82.5-180.0 180.0   5.0 450.0                            LAT/LON1/LON2/DLON/H
   40   40   38   38   38   37   37   37   36   36   34   35   34   33   32   32
   30   30   28   26   25   24   22   21   19   19   18   17   17   16   17   17
   17   18   20   21   22   24   25   27   28   30   31   33   35   36   37   39
   39   39   40   40   41   41   42   42   42   43   43   44   45   45   45   45
   45   45   45   44   43   43   43   41   40
    80.0-180.0 180.0   5.0 450.0                            LAT/LON1/LON2/DLON/H
   43   42   41   40   39   38   38   37   37   37   37   37   37   36   36   35
   34   33   31   29   27   25   23   20   19   17   16   15   14   14   14   14
   15   16   17   19   22   24   26   28   29   31   32   34   35   36   36   37
   38   37   38   38   38   38   40   40   41   42   43   45   46   47   48   48
   49   49   48   48   48   47   46   44   43
    77.5-180.0 180.0   5.0 450.0                            LAT/LON1/LON2/DLON/H
   46   44   43   42   40   39   39   38   38   37   38   39   39   40   40   40
   39   38   36   34   32   29   26   23   21   18   16   15   14   13   13   14
   15   16   17   19   22   24   26   28   30   32   33   34   34   34   35   34
   34   33   33   33   34   35   36   38   39   40   42   44   46   48   50   51
   51   52   52   52   51   50   49   48   46
    75.0-180.0 180.0   5.0 450.0                            LAT/LON1/LON2/DLON/H
   50   48   46   44   42   40   39   38   38   38   39   41   42   43   44   45
   44   43   42   39   36   33   30   27   24   21   19   16   15   15   15   15
   16   17   19   20   23   25   27   28   30   31   32   33   32   32   31   30
   29   28   28   27   28   30   32   34   36   39   41   44   47   50   52   53
   54   55   55   56   56   55   54   52   50
    72.5-180.0 180.0   5.0 450.0                            LAT/LON1/LON2/DLON/H
   56   53   51   47   45   42   40   39   39   38   39   41   43   44   46   46
   46   45   44   42   40   37   34   30   28   25   23   21   19   18   18   18
   18   20   21   23   24   26   27   28   29   29   29   28   28   27   26   25
   24   23   23   23   24   26   29   32   36   39   43   47   50   53   55   57
   58   59   61   61   61   61   60   58   56
    70.0-180.0 180.0   5.0 450.0                            LAT/LON1/LON2/DLON/H
   62   59   56   52   48   45   43   40   39   38   38   39   40   42   43   43
   43   44   44   43   42   40   37   33   31   29   27   24   23   22   21   22
   22   23   24   25   25   25   26   26   26   25   25   24   24   23   22   21
   20   19   19   20   22   24   28   32   37   42   46   50   54   57   59   61
   63   64   65   67   67   67   66   65   62
    67.5-180.0 180.0   5.0 450.0                            LAT/LON1/LON2/DLON/H
   68   65   61   57   53   48   45   42   40   38   37   36   36   37   38   39
   39   41   41   42   41   40   38   35   33   31   29   28   26   26   25   25
   25   25   25   25   25   24   24   23   22   21   21   20   20   19   18   18
   17   16   17   19   21   25   30   36   41   47   51   56   59   62   64   66
   67   69   70   72   72   73   72   71   68
    65.0-180.0 180.0   5.0 450.0                            LAT/LON1/LON2/DLON/H
   73   70   66   61   56   52   47   44   41   38   35   33   32   31   32   32
   34   36   36   37   38   37   37   35   33   31   30   29   28   28   27   27
   26   26   25   24   23   22   20   19   18   17   17   18   18   17   17   16
   16   16   18   20   24   29   36   41   48   54   58   63   66   68   70   71
   72   73   74   75   76   77   76   75   73
    62.5-180.0 180.0   5.0 450.0                            LAT/LON1/LON2/DLON/H
   76   73   69   65   60   55   50   46   42   38   35   32   29   27   26   26
   28   29   30   32   33   33   33   32   30   30   29   28   28   28   27   27
   26   25   24   23   22   20   18   17   16   16   16   17   17   17   18   18
   18   19   21   25   29   35   41   49   55   61   66   70   72   74   75   76
   76   77   77   78   78   78   78   77   76
    60.0-180.0 180.0   5.0 450.0                            LAT/LON1/LON2/DLON/H
   77   75   71   67   63   58   53   48   44   39   35   31   28   25   23   23
   23   24   26   27   28   29   29   28   27   27   27   26   26   26   26   26
   25   24   24   23   22   20   19   18   17   17   18   19   19   20   20   21
   21   23   26   30   35   42   48   56   63   69   73   76   78   79   80   80
   80   80   80   80   79   79   78   78   77
    57.5-180.0 180.0   5.0 450.0                            LAT/LON1/LON2/DLON/H
   78   76   74   70   66   61   56   51   46   42   37   33   28   26   23   22
   22   23   24   25   26   26   25   24   24   24   24   24   25   26   26   26
   26   25   26   26   25   24   23   22   21   21   22   23   24   24   24   25
   26   28   32   37   42   49   56   64   70   74   78   81   82   84   85   85
   85   85   84   82   81   80   79   78   78
    55.0-180.0 180.0   5.0 450.0                            LAT/LON1/LON2/DLON/H
   80   79   77   74   70   65   60   55   50   44   39   35   31   28   26   25
   25   25   26   26   25   25   24   23   23   24   24   26   27   28   28   29
   29   29   30   30   30   29   29   29   29   29   29   30   30   31   30   31
   32   34   39   44   50   57   64   69   74   79   82   84   86   88   89   91
   91   91   90   88   85   83   81   80   80
    52.5-180.0 180.0   5.0 450.0                            LAT/LON1/LON2/DLON/H
   84   84   82   80   76   71   66   61   55   49   43   37   34   31   30   29
   29   29   29   29   28   27   26   25   26   27   29   32   33   34   35   35
   35   36   37   38   38   38   38   38   38   38   38   38   38   37   36   37
   38   41   45   51   58   64   70   75   80   83   85   87   89   91   94   97
   98   98   97   95   91   88   86   84   84
    50.0-180.0 180.0   5.0 450.0                            LAT/LON1/LON2/DLON/H
   91   91   90   88   85   80   74   68   62   54   47   42   37   35   34   34
   34   34   34   33   32   31   31   31   32   34   37   40   42   43   44   43
   43   44   46   46   46   47   47   48   48   47   47   46   45   44   42   43
   45   48   52   59   65   71   76   81   84   87   90   92   93   96   99  103
  105  106  105  103   99   95   92   90   91
    47.5-180.0 180.0   5.0 450.0                            LAT/LON1/LON2/DLON/H
  100  100  100   99   96   91   85   77   70   61   54   46   42   40   38   38
   38   38   38   37   37   37   38   39   41   44   47   50   52   54   53   52
   52   53   54   55   55   56   56   56   56   56   55   54   52   50   49   49
   51   56   62   69   74   79   84   88   91   94   96   97   99  101  104  108
  112  113  113  110  106  102   99   98  100
    45.0-180.0 180.0   5.0 450.0                            LAT/LON1/LON2/DLON/H
  108  111  111  110  108  103   96   88   79   71   61   53   48   44   42   42
   41   41   40   41   42   44   46   49   52   55   57   60   61   62   61   61
   60   61   62   62   62   62   62   63   62   62   60   59   58   55   55   56
   59   65   72   78   85   90   93   96   99  101  103  104  105  107  110  114
  117  119  119  116  112  109  107  107  108
    42.5-180.0 180.0   5.0 450.0                            LAT/LON1/LON2/DLON/H
  117  120  121  120  119  114  107   98   89   80   70   60   53   49   47   45
   44   43   43   45   48   52   56   59   62   64   66   67   67   67   66   66
   66   67   67   67   66   66   66   66   66   65   65   64   62   61   61   63
   66   73   81   89   95  100  102  105  108  110  112  112  113  114  115  118
  121  122  122  120  117  114  114  115  117
    40.0-180.0 180.0   5.0 450.0                            LAT/LON1/LON2/DLON/H
  125  128  129  128  127  122  116  108  100   89   79   68   60   55   52   49
   47   46   47   50   55   60   64   68   70   71   71   70   70   69   69   69
   70   71   71   69   68   67   67   67   68   68   68   68   67   67   67   69
   74   81   90   98  104  108  110  113  116  118  120  121  121  121  121  123
  124  125  124  122  120  119  120  122  125
    37.5-180.0 180.0   5.0 450.0                            LAT/LON1/LON2/DLON/H
  131  135  136  134  133  130  124  116  108   98   88   77   68   62   57   53
   51   50   52   56   61   66   71   74   75   75   73   70   69   68   68   69
   70   71   71   70   67   66   66   68   69   70   71   72   72   72   72   75
   79   86   96  105  111  114  116  118  122  125  128  129  129  129  128  128
  128  128  127  125  124  124  126  129  131
    35.0-180.0 180.0   5.0 450.0                            LAT/LON1/LON2/DLON/H
  141  142  142  140  139  137  132  123  115  106   96   86   76   69   64   60
   56   56   59   62   67   71   75   77   76   74   71   67   65   65   66   67
   68   70   71   69   67   65   66   67   69   71   74   75   75   76   76   77
   81   89  100  108  114  118  120  122  126  129  133  135  137  137  136  137
  137  136  134  133  131  132  135  139  141
    32.5-180.0 180.0   5.0 450.0                            LAT/LON1/LON2/DLON/H
  155  154  150  146  144  141  136  127  120  111  103   93   85   77   72   67
   64   64   66   69   72   74   76   77   74   71   67   63   61   61   63   64
   66   69   70   68   66   65   66   67   70   72   75   77   77   77   76   77
   81   89  100  110  116  120  122  125  128  132  136  140  143  146  149  151
  151  151  150  148  147  148  150  154  155
    30.0-180.0 180.0   5.0 450.0                            LAT/LON1/LON2/DLON/H
  176  172  163  155  150  146  140  132  124  116  109  100   92   85   78   73
   70   71   73   74   75   75   74   72   68   65   61   59   57   59   61   63
   66   68   69   68   68   66   67   68   70   73   75   76   76   75   74   74
   78   87   98  110  117  121  124  127  130  133  137  142  150  158  165  170
  173  174  176  174  171  172  176  178  176
    27.5-180.0 180.0   5.0 450.0                            LAT/LON1/LON2/DLON/H
  206  197  185  173  164  157  149  138  129  120  114  106   98   90   83   77
   74   75   77   77   75   72   69   65   62   59   57   56   57   60   63   65
   67   68   70   70   70   69   68   69   70   72   73   74   73   72   69   70
   74   83   96  109  117  122  126  129  132  135  139  146  157  171  183  194
  200  203  209  208  206  207  208  209  206
    25.0-180.0 180.0   5.0 450.0                            LAT/LON1/LON2/DLON/H
  243  231  217  201  187  176  164  149  135  124  118  110  101   93   85   79
   76   76   77   76   72   66   62   58   57   56   57   58   61   65   69   70
   71   72   73   75   74   72   70   69   69   69   69   68   68   65   63   64
   68   80   95  109  119  125  131  133  136  139  145  154  168  187  204  219
  229  236  249  248  248  250  250  249  243
    22.5-180.0 180.0   5.0 450.0                            LAT/LON1/LON2/DLON/H
  283  271  254  239  221  205  189  167  146  132  123  114  104   95   85   77
   73   73   73   71   65   59   55   54   56   58   60   64   70   75   79   78
   78   78   79   79   78   74   71   69   66   64   62   61   60   58   56   57
   64   78   94  110  122  131  138  141  143  147  154  165  183  205  227  245
  257  270  284  289  297  295  293  291  283
    20.0-180.0 180.0   5.0 450.0                            LAT/LON1/LON2/DLON/H
  322  312  297  284  265  244  220  194  166  145  132  120  109   97   85   75
   68   67   66   63   58   54   53   56   60   65   70   75   82   89   92   88
   86   85   85   85   82   77   72   66   61   57   54   52   51   50   50   53
   62   78   97  114  128  138  146  150  152  158  168  182  202  226  248  266
  279  293  310  322  333  333  333  331  322
    17.5-180.0 180.0   5.0 450.0                            LAT/LON1/LON2/DLON/H
  353  346  336  328  311  287  260  230  194  166  146  132  118  103   88   74
   66   62   60   57   54   53   56   62   69   77   83   88   95  100  101   97
   94   92   91   88   84   78   72   64   56   50   47   45   44   44   45   51
   63   82  102  120  135  146  154  159  164  172  184  200  222  245  265  280
  292  305  318  335  345  351  358  360  353
    15.0-180.0 180.0   5.0 450.0                            LAT/LON1/LON2/DLON/H
  367  365  363  363  352  331  304  271  228  191  167  150  133  115   97   80
   69   63   58   56   56   58   65   74   82   90   97  103  106  107  107  104
   99   96   93   89   85   79   72   62   53   46   42   40   39   40   43   52
   67   87  108  126  141  152  161  168  176  185  200  219  240  261  277  288
  295  304  314  328  340  349  361  367  367
    12.5-180.0 180.0   5.0 450.0                            LAT/LON1/LON2/DLON/H
  363  367  371  378  379  366  342  311  264  222  196  174  154  135  112   94
   81   71   65   64   66   72   81   90   98  104  110  113  111  110  108  105
  101   97   93   90   86   80   72   62   53   46   41   38   37   39   44   54
   71   93  113  130  143  154  164  174  184  196  213  233  253  271  283  288
  291  294  302  312  324  334  347  358  363
    10.0-180.0 180.0   5.0 450.0                            LAT/LON1/LON2/DLON/H
  350  358  365  376  386  385  367  339  296  252  224  201  182  159  139  118
  102   91   83   82   86   95  103  109  115  119  121  119  113  109  106  104
  101   97   94   92   88   82   73   64   55   48   43   39   39   41   46   57
   75   97  116  131  142  153  164  175  188  201  221  242  261  274  282  284
  285  284  288  295  305  315  329  342  350
     7.5-180.0 180.0   5.0 450.0                            LAT/LON1/LON2/DLON/H
  334  342  350  364  379  388  379  358  324  284  253  233  212  192  172  150
  133  121  111  111  116  123  127  130  131  132  130  122  113  108  105  104
  102   99   97   94   90   85   77   68   59   53   47   43   41   42   47   60
   78   99  116  129  139  150  161  174  186  201  222  243  262  273  278  279
  278  278  281  284  290  299  313  326  334
     5.0-180.0 180.0   5.0 450.0                            LAT/LON1/LON2/DLON/H
  324  329  335  348  365  380  380  365  340  307  279  260  241  223  206  186
  170  158  147  145  148  153  151  152  147  145  138  127  116  111  109  108
  106  104  101   97   94   88   82   73   64   58   52   47   44   43   49   62
   80   98  113  125  135  145  157  169  181  196  217  239  257  269  274  276
  278  280  282  285  287  294  306  317  324
     2.5-180.0 180.0   5.0 450.0                            LAT/LON1/LON2/DLON/H
  323  325  327  336  352  368  372  364  344  319  296  278  263  248  235  220
  207  195  184  179  177  177  175  173  166  160  149  138  126  120  117  116
  114  110  104  100   95   90   84   75   68   62   56   51   47   46   51   63
   79   96  110  121  130  141  151  162  173  188  207  228  247  260  269  275
  282  287  291  294  297  302  311  320  323
