data/7 day dataset/IGS corrections/igsg3050.20i
     1.0            IONOSPHERE MAPS     MIX                 IONEX VERSION / TYPE
cmpcmb v1.2          GRL/UWM            12-nov-20 17:00     PGM / RUN BY / DATE 
ionex file containing IGS COMBINED Ionosphere maps          COMMENT             
global ionosphere maps for day 305, 2020                    DESCRIPTION         
IONEX file containing the COMBINED IGS TEC MAPS and DCBs    DESCRIPTION         
      IONEX files of the following IAACs were combined: cod DESCRIPTION         
                                                        esa DESCRIPTION         
                                                        jpl DESCRIPTION         
                                                        upc DESCRIPTION         
Contact address: Andrzej Krankowski                         DESCRIPTION
                 Geodynamics Research Laboratory            DESCRIPTION
                 University of Warmia and Mazury (GRL/UWM)  DESCRIPTION
                 Oczapowski St. 1                           DESCRIPTION
                 10-957-Olsztyn, POLAND                     DESCRIPTION
                 e-mail:  kand@uwm.edu.pl                   DESCRIPTION
                                                            DESCRIPTION         
  2020    10    31     0     0     0                        EPOCH OF FIRST MAP  
  2020    11     1     0     0     0                        EPOCH OF LAST MAP   
  7200                                                      INTERVAL            
    13                                                      # OF MAPS IN FILE   
  COSZ                                                      MAPPING FUNCTION    
     0.0                                                    ELEVATION CUTOFF    
combined TEC calculated as weighted mean of input TEC valuesOBSERVABLES USED    
   441                                                      # OF STATIONS       
    31                                                      # OF SATELLITES     
  6371.0                                                    BASE RADIUS         
     2                                                      MAP DIMENSION       
   450.0 450.0   0.0                                        HGT1 / HGT2 / DHGT  
    87.5 -87.5  -2.5                                        LAT1 / LAT2 / DLAT  
  -180.0 180.0   5.0                                        LON1 / LON2 / DLON  
    -1                                                      EXPONENT            
TEC values in 0.1 tec units;  9999, if no value available   COMMENT             
DCB values in nanoseconds, reference is Sum_of_SatDCBs = 0  COMMENT             
                                                            END OF HEADER       
[from data line 2145]
     6                                                      START OF TEC MAP    
  2020    10    31    10     0     0                        EPOCH OF CURRENT MAP
    87.5-180.0 180.0   5.0 450.0                            LAT/LON1/LON2/DLON/H
   56   56   56   56   56   56   56   55   55   55   55   54   54   54   53   53
   53   52   52   52   52   51   51   51   51   51   50   51   50   50   51   51
   51   51   51   51   51   51   50   50   50   50   50   50   50   50   50   50
   50   50   50   51   51   51   51   52   52   52   53   52   53   53   53   54
   54   54   55   55   55   56   56   56   56
    85.0-180.0 180.0   5.0 450.0                            LAT/LON1/LON2/DLON/H
   55   55   55   55   55   54   54   54   53   52   51   51   50   49   49   49
   48   47   47   46   46   46   46   46   46   46   46   46   46   46   47   47
   47   47   47   48   48   48   47   47   47   46   46   45   45   44   44   44
   43   43   43   43   43   44   44   45   46   47   48   48   49   49   50   51
   52   53   54   55   54   55   55   55   55
    82.5-180.0 180.0   5.0 450.0                            LAT/LON1/LON2/DLON/H
   53   53   54   53   53   53   52   52   51   50   49   48   45   44   43   42
   41   39   39   39   39   38   39   39   40   40   40   41   42   43   43   45
   46   47   47   48   48   48   48   48   47   46   44   43   42   41   40   39
   39   38   38   37   37   37   37   38   39   40   41   43   44   45   45   47
   48   48   49   50   51   51   52   53   53
    80.0-180.0 180.0   5.0 450.0                            LAT/LON1/LON2/DLON/H
   49   49   49   50   50   50   49   48   46   44   42   40   38   36   34   33
   32   31   30   30   30   31   32   33   33   34   35   37   38   40   42   43
   45   47   48   49   50   51   51   51   50   49   48   46   43   41   40   38
   37   36   35   34   33   33   33   34   34   36   37   38   39   40   41   42
   42   43   44   45   46   47   48   48   49
    77.5-180.0 180.0   5.0 450.0                            LAT/LON1/LON2/DLON/H
   45   46   47   48   47   47   46   45   42   39   37   34   31   29   27   25
   24   24   24   24   25   25   25   27   29   31   32   34   36   38   42   44
   46   49   53   54   57   58   58   58   57   56   54   52   49   46   44   41
   39   38   36   34   33   33   33   33   34   34   35   36   37   37   37   38
   38   38   39   40   41   42   43   44   45
    75.0-180.0 180.0   5.0 450.0                            LAT/LON1/LON2/DLON/H
   41   43   44   45   45   45   43   41   38   35   32   30   27   24   21   20
   19   19   19   19   21   23   24   25   27   29   31   33   35   38   41   44
   49   53   57   61   64   67   68   68   68   66   64   63   59   56   52   50
   47   44   41   39   38   36   36   36   35   36   37   36   36   36   36   36
   36   35   35   36   36   37   38   40   41
    72.5-180.0 180.0   5.0 450.0                            LAT/LON1/LON2/DLON/H
   37   39   41   43   43   42   41   39   37   34   31   28   24   20   18   17
   17   17   18   20   22   24   25   27   29   30   31   34   36   39   42   46
   50   56   62   67   72   77   78   80   81   79   78   76   73   70   66   64
   59   55   52   48   45   43   42   40   40   40   39   38   38   37   36   35
   34   34   32   32   32   33   34   36   37
    70.0-180.0 180.0   5.0 450.0                            LAT/LON1/LON2/DLON/H
   33   36   38   40   40   41   40   39   37   34   30   26   23   21   19   18
   19   19   21   24   26   28   30   31   33   34   35   36   38   41   44   49
   54   59   67   73   79   85   88   91   92   91   91   89   87   85   81   78
   73   69   63   59   54   51   48   46   44   43   42   41   41   39   37   36
   34   32   31   29   29   29   30   32   33
    67.5-180.0 180.0   5.0 450.0                            LAT/LON1/LON2/DLON/H
   30   33   35   37   39   40   40   39   38   35   32   29   26   24   23   23
   23   25   28   30   32   34   36   36   37   38   38   39   40   43   46   52
   57   64   72   79   85   92   96   99  101  101  101  101  100   98   95   91
   87   81   76   70   65   60   55   52   49   48   46   44   42   40   38   36
   33   30   29   27   27   26   27   28   30
    65.0-180.0 180.0   5.0 450.0                            LAT/LON1/LON2/DLON/H
   27   30   33   35   37   39   40   40   38   37   34   32   30   30   28   28
   29   31   34   36   38   39   41   41   41   41   40   41   42   45   49   54
   61   69   76   84   92   98  103  106  108  109  110  109  109  108  106  103
   98   93   86   81   73   67   61   57   54   51   49   46   43   41   38   35
   32   30   28   26   25   24   25   26   27
    62.5-180.0 180.0   5.0 450.0                            LAT/LON1/LON2/DLON/H
   25   27   30   33   35   37   39   39   39   38   36   35   34   34   33   33
   35   36   38   39   41   43   43   42   41   40   40   41   44   47   52   58
   65   73   80   89   97  104  109  112  114  115  116  117  116  115  114  111
  107  101   95   87   79   72   66   60   57   54   51   47   44   41   38   35
   32   30   28   26   25   24   24   24   25
    60.0-180.0 180.0   5.0 450.0                            LAT/LON1/LON2/DLON/H
   25   26   27   29   32   35   37   37   37   37   36   35   35   36   36   36
   37   38   40   41   42   42   40   39   37   37   38   41   45   50   56   62
   69   77   85   94  102  109  115  118  120  121  121  121  121  121  119  116
  112  106  100   91   83   75   68   63   60   55   52   48   45   41   38   34
   31   30   29   27   26   25   25   25   25
    57.5-180.0 180.0   5.0 450.0                            LAT/LON1/LON2/DLON/H
   26   26   26   28   29   32   33   35   35   35   35   34   35   36   36   36
   36   38   39   39   39   37   35   34   34   34   37   41   47   54   60   67
   75   82   90   99  108  115  121  125  127  127  127  126  125  123  121  118
  115  110  103   96   87   79   72   67   63   58   54   49   45   42   38   35
   33   32   31   30   29   28   28   27   26
    55.0-180.0 180.0   5.0 450.0                            LAT/LON1/LON2/DLON/H
   30   29   29   29   30   31   32   33   33   32   32   31   32   33   33   34
   34   35   35   35   34   32   30   29   30   32   36   42   50   59   67   74
   81   88   97  105  114  122  129  133  135  135  134  132  129  127  123  120
  118  113  107  101   93   87   80   74   70   64   59   53   49   45   41   39
   36   36   35   34   33   33   32   31   30
    52.5-180.0 180.0   5.0 450.0                            LAT/LON1/LON2/DLON/H
   36   34   33   32   33   33   34   33   33   32   30   30   30   30   30   31
   31   32   32   30   29   27   25   25   28   32   38   46   56   66   75   82
   90   97  104  112  120  129  136  141  143  143  141  138  134  130  126  123
  121  117  113  109  102   96   90   84   79   72   67   60   55   51   47   44
   42   41   40   40   40   39   39   37   36
    50.0-180.0 180.0   5.0 450.0                            LAT/LON1/LON2/DLON/H
   43   42   40   39   39   38   38   37   36   34   32   30   29   29   29   29
   29   29   29   29   27   26   25   25   29   35   43   53   64   74   83   90
   97  104  111  119  127  136  143  148  151  151  150  145  140  135  130  127
  125  123  120  118  113  108  102   97   90   82   76   69   63   59   55   51
   49   48   47   47   47   47   46   45   43
    47.5-180.0 180.0   5.0 450.0                            LAT/LON1/LON2/DLON/H
   52   50   48   46   46   45   45   43   41   40   37   34   33   31   30   30
   30   30   30   30   29   29   29   30   35   42   51   63   74   84   92   99
  104  111  117  125  133  141  148  154  158  159  157  152  146  140  134  131
  130  129  128  126  124  120  114  108  100   92   84   77   71   66   62   59
   57   55   54   54   54   54   54   53   52
    45.0-180.0 180.0   5.0 450.0                            LAT/LON1/LON2/DLON/H
   58   57   55   54   53   53   52   50   48   47   44   42   39   37   35   34
   34   35   35   35   35   35   37   39   44   51   61   73   84   93  100  106
  111  117  123  130  138  146  153  159  163  164  163  159  152  145  139  136
  135  135  134  133  131  128  123  117  108   99   92   83   76   72   69   67
   65   63   62   61   61   61   61   60   58
    42.5-180.0 180.0   5.0 450.0                            LAT/LON1/LON2/DLON/H
   63   62   61   60   59   59   59   58   56   55   53   51   48   45   43   42
   42   42   43   44   44   45   46   50   54   63   72   83   92  100  107  112
  116  122  128  135  143  149  156  162  166  168  167  162  156  149  145  143
  141  141  139  137  135  132  127  121  113  104   95   86   80   76   74   72
   70   68   67   66   66   64   64   64   63
    40.0-180.0 180.0   5.0 450.0                            LAT/LON1/LON2/DLON/H
   64   64   63   63   62   63   63   63   63   63   62   59   57   54   51   51
   50   51   52   53   54   55   56   60   65   72   81   91   99  106  112  117
  122  127  134  140  146  152  157  162  167  169  168  164  159  154  151  149
  148  147  143  139  136  132  127  119  112  103   93   86   80   77   75   74
   73   71   69   68   67   65   64   64   64
    37.5-180.0 180.0   5.0 450.0                            LAT/LON1/LON2/DLON/H
   61   61   62   62   62   62   64   66   67   70   69   68   66   63   61   59
   59   59   60   61   62   63   65   69   73   80   88   97  105  111  115  120
  126  132  139  146  151  155  160  163  167  169  168  166  161  158  156  156
  155  153  147  141  136  131  125  117  109  100   91   84   79   76   74   74
   73   72   69   68   65   62   61   60   61
    35.0-180.0 180.0   5.0 450.0                            LAT/LON1/LON2/DLON/H
   55   56   56   57   58   59   61   64   68   72   74   74   73   71   68   67
   66   66   66   67   67   68   70   74   78   85   93  102  109  114  118  123
  129  135  144  152  157  161  164  167  169  170  169  166  162  160  161  163
  163  160  153  145  139  134  127  118  109  100   90   82   78   74   72   72
   73   71   68   66   62   59   56   55   55
    32.5-180.0 180.0   5.0 450.0                            LAT/LON1/LON2/DLON/H
   50   50   50   50   52   54   57   60   66   71   75   77   77   75   73   72
   70   70   70   70   70   70   72   76   81   87   96  104  111  116  120  124
  131  140  149  158  165  168  171  173  174  173  171  167  165  165  168  171
  173  171  165  157  150  142  135  126  116  105   95   86   79   75   73   73
   75   74   72   68   62   57   54   51   50
    30.0-180.0 180.0   5.0 450.0                            LAT/LON1/LON2/DLON/H
   49   47   45   44   46   48   51   54   61   68   73   76   77   76   75   74
   73   72   72   72   70   70   72   75   80   86   96  105  112  116  120  126
  133  143  155  167  175  181  185  186  184  182  177  172  170  172  177  183
  188  189  184  178  171  163  155  144  132  118  106   96   87   81   78   79
   82   82   79   74   68   61   56   52   49
    27.5-180.0 180.0   5.0 450.0                            LAT/LON1/LON2/DLON/H
   53   49   44   42   41   43   46   49   55   61   67   72   74   75   75   74
   73   72   72   71   69   68   69   72   77   84   94  104  111  116  120  126
  135  147  162  177  189  198  202  203  199  195  190  185  183  185  192  201
  208  213  212  208  202  192  184  173  157  140  126  113  102   94   90   91
   94   96   94   88   80   73   65   59   53
    25.0-180.0 180.0   5.0 450.0                            LAT/LON1/LON2/DLON/H
   64   56   49   45   42   43   44   47   50   56   61   66   70   71   72   72
   71   71   71   70   67   65   65   69   75   82   92  102  110  116  121  128
  138  152  170  189  205  217  222  223  219  212  209  205  203  205  214  224
  233  241  245  244  240  230  221  208  190  173  155  139  125  115  110  111
  113  115  114  107  101   92   82   73   64
    22.5-180.0 180.0   5.0 450.0                            LAT/LON1/LON2/DLON/H
   81   70   60   53   49   47   47   47   49   52   56   61   64   67   68   68
   68   69   69   68   66   63   63   67   73   81   90  100  109  116  122  130
  142  159  179  201  220  236  240  242  240  232  232  232  231  232  239  251
  261  271  279  284  281  271  262  247  228  209  190  172  156  144  137  137
  138  139  137  130  125  114  104   93   81
    20.0-180.0 180.0   5.0 450.0                            LAT/LON1/LON2/DLON/H
  102   87   75   66   59   55   53   52   51   53   55   58   60   62   63   65
   65   66   67   66   64   61   61   66   72   81   90   99  108  116  124  134
  150  169  191  216  238  255  258  260  258  254  260  265  264  263  269  278
  289  302  314  320  317  308  298  283  263  244  224  207  191  178  169  167
  164  162  159  153  147  137  127  116  102
    17.5-180.0 180.0   5.0 450.0                            LAT/LON1/LON2/DLON/H
  123  107   92   80   72   66   62   59   57   56   56   57   58   59   60   62
   63   63   64   64   61   60   61   65   73   82   90   98  108  118  129  141
  159  181  205  230  251  267  272  274  277  281  289  296  297  298  302  305
  317  330  342  347  343  335  324  307  288  270  253  237  223  211  201  195
  188  183  177  171  162  154  146  137  123
    15.0-180.0 180.0   5.0 450.0                            LAT/LON1/LON2/DLON/H
  140  124  110   96   87   79   74   70   65   61   61   60   59   58   59   59
   60   61   62   61   60   59   60   65   73   82   89   98  109  121  134  150
  170  194  218  241  259  273  280  286  293  302  309  319  323  325  329  334
  340  351  358  361  359  351  339  322  304  289  274  260  248  238  227  216
  205  196  187  179  172  165  159  152  140
    12.5-180.0 180.0   5.0 450.0                            LAT/LON1/LON2/DLON/H
  151  137  123  111   99   91   86   80   73   69   66   64   60   58   57   58
   57   58   59   59   58   57   59   65   73   82   91  101  112  127  142  160
  180  203  227  248  264  275  285  293  302  313  323  335  343  345  347  351
  356  362  365  365  364  358  346  329  313  299  287  276  265  254  242  228
  213  199  187  178  172  167  164  160  151
    10.0-180.0 180.0   5.0 450.0                            LAT/LON1/LON2/DLON/H
  155  144  132  120  111  102   96   88   80   76   72   68   63   59   56   55
   54   54   56   55   54   55   57   64   74   83   93  105  118  133  150  169
  189  213  234  252  267  277  287  297  308  321  335  348  355  356  356  357
  360  363  363  360  360  355  344  330  316  304  292  283  272  259  245  227
  210  193  179  169  164  161  161  160  155
     7.5-180.0 180.0   5.0 450.0                            LAT/LON1/LON2/DLON/H
  153  145  135  126  117  109  103   93   86   82   78   73   66   60   56   53
   52   52   52   52   51   51   55   63   75   86   97  110  124  139  157  176
  197  220  240  255  268  278  289  301  313  329  344  354  359  358  356  356
  358  359  356  353  352  348  341  330  319  308  295  284  272  256  239  217
  197  179  166  157  152  150  152  155  153
     5.0-180.0 180.0   5.0 450.0                            LAT/LON1/LON2/DLON/H
  148  143  135  127  120  114  107   96   89   84   82   77   69   61   56   53
   51   51   50   49   48   49   54   64   77   89  102  116  130  146  163  182
  203  224  241  256  268  279  290  302  317  333  346  354  354  352  350  350
  352  353  351  348  346  342  339  331  323  312  298  285  269  249  228  204
  181  164  151  143  138  138  143  148  148
     2.5-180.0 180.0   5.0 450.0                            LAT/LON1/LON2/DLON/H
  144  141  135  128  122  116  108   98   89   85   83   78   70   62   57   53
   51   50   49   48   47   49   55   66   80   93  108  122  137  152  168  186
  205  224  240  253  265  277  289  302  317  332  343  347  345  342  340  341
  346  349  349  345  344  341  339  335  328  317  301  284  265  241  217  193
  170  153  141  135  131  133  138  143  144
