data/7 day dataset/IGS corrections/igsg3030.20i
     1.0            IONOSPHERE MAPS     MIX                 IONEX VERSION / TYPE
cmpcmb v1.2          GRL/UWM            12-nov-20 16:49     PGM / RUN BY / DATE 
ionex file containing IGS COMBINED Ionosphere maps          COMMENT             
global ionosphere maps for day 303, 2020                    DESCRIPTION         
IONEX file containing the COMBINED IGS TEC MAPS and DCBs    DESCRIPTION         
      IONEX files of the following IAACs were combined: cod DESCRIPTION         
                                                        esa DESCRIPTION         
                                                        jpl DESCRIPTION         
                                                        upc DESCRIPTION         
Contact address: Andrzej Krankowski                         DESCRIPTION
                 Geodynamics Research Laboratory            DESCRIPTION
                 University of Warmia and Mazury (GRL/UWM)  DESCRIPTION
                 Oczapowski St. 1                           DESCRIPTION
                 10-957-Olsztyn, POLAND                     DESCRIPTION
                 e-mail:  kand@uwm.edu.pl                   DESCRIPTION
                                                            DESCRIPTION         
  2020    10    29     0     0     0                        EPOCH OF FIRST MAP  
  2020    10    30     0     0     0                        EPOCH OF LAST MAP   
  7200                                                      INTERVAL            
    13                                                      # OF MAPS IN FILE   
  COSZ                                                      MAPPING FUNCTION    
     0.0                                                    ELEVATION CUTOFF    
combined TEC calculated as weighted mean of input TEC valuesOBSERVABLES USED    
   418                                                      # OF STATIONS       
    31                                                      # OF SATELLITES     
  6371.0                                                    BASE RADIUS         
     2                                                      MAP DIMENSION       
   450.0 450.0   0.0                                        HGT1 / HGT2 / DHGT  
    87.5 -87.5  -2.5                                        LAT1 / LAT2 / DLAT  
  -180.0 180.0   5.0                                        LON1 / LON2 / DLON  
    -1                                                      EXPONENT            
TEC values in 0.1 tec units;  9999, if no value available   COMMENT             
DCB values in nanoseconds, reference is Sum_of_SatDCBs = 0  COMMENT             
                                                            END OF HEADER       
[from data line 1287]
     4                                                      START OF TEC MAP    
  2020    10    29     6     0     0                        EPOCH OF CURRENT MAP
    87.5-180.0 180.0   5.0 450.0                            LAT/LON1/LON2/DLON/H
   32   32   32   32   33   33   33   33   33   33   33   33   33   33   33   33
   33   33   33   33   33   33   33   33   33   33   33   34   34   34   34   34
   34   34   35   35   35   35   35   35   34   35   35   35   35   35   35   35
   34   34   34   34   34   34   34   34   34   34   34   33   33   33   33   32
   32   32   32   32   32   32   32   32   32
    85.0-180.0 180.0   5.0 450.0                            LAT/LON1/LON2/DLON/H
   29   29   29   30   30   30   31   31   31   31   32   32   32   32   32   32
   32   32   32   32   31   31   31   31   32   32   32   32   32   33   33   33
   34   34   34   34   35   35   34   35   35   35   35   35   35   35   35   35
   35   35   35   35   35   35   35   34   34   33   33   32   32   31   31   30
   30   30   29   29   29   28   28   28   29
    82.5-180.0 180.0   5.0 450.0                            LAT/LON1/LON2/DLON/H
   24   25   25   26   27   28   29   29   30   30   31   31   31   31   31   30
   30   29   29   28   28   28   27   28   28   28   29   29   29   29   30   31
   31   32   32   33   34   34   35   35   35   35   35   35   35   36   35   36
   36   36   36   37   36   36   36   36   36   35   34   34   33   32   31   30
   29   28   26   25   25   24   24   24   24
    80.0-180.0 180.0   5.0 450.0                            LAT/LON1/LON2/DLON/H
   20   21   22   24   25   26   27   28   29   30   30   30   29   29   29   28
   27   26   25   24   23   23   23   24   24   24   25   25   26   27   28   28
   29   30   31   31   32   33   33   33   34   35   35   35   35   36   36   37
   38   38   39   39   40   40   40   40   40   39   39   38   37   35   33   31
   29   26   24   23   21   20   20   20   20
    77.5-180.0 180.0   5.0 450.0                            LAT/LON1/LON2/DLON/H
   17   18   19   21   23   25   26   28   29   29   29   29   29   28   27   26
   25   24   23   22   22   21   20   20   20   20   21   21   22   22   23   24
   25   27   28   29   30   30   31   31   32   33   33   34   35   36   37   39
   40   42   43   44   45   46   47   47   47   47   46   45   44   42   39   36
   33   30   26   23   20   18   17   17   17
    75.0-180.0 180.0   5.0 450.0                            LAT/LON1/LON2/DLON/H
   16   17   18   20   22   24   26   27   28   29   29   29   28   26   25   24
   24   23   22   22   21   20   19   19   19   19   20   20   20   21   22   22
   23   24   25   25   26   27   27   28   29   31   32   34   35   37   39   42
   44   46   49   51   53   54   55   56   57   57   56   55   54   51   48   45
   41   36   32   28   23   20   17   16   16
    72.5-180.0 180.0   5.0 450.0                            LAT/LON1/LON2/DLON/H
   17   17   18   19   21   23   25   27   28   28   28   27   26   26   25   24
   24   24   24   23   22   21   21   21   21   21   21   21   21   21   21   22
   22   22   22   23   23   23   24   26   27   29   31   34   36   39   42   46
   49   52   55   58   60   62   64   65   66   66   66   66   64   62   59   55
   51   46   40   35   30   25   22   19   17
    70.0-180.0 180.0   5.0 450.0                            LAT/LON1/LON2/DLON/H
   20   18   18   19   21   23   25   26   27   27   26   26   25   25   24   24
   24   24   25   25   25   25   25   24   24   23   23   22   22   22   21   21
   21   21   20   20   20   20   22   23   26   28   31   35   39   42   46   50
   54   58   62   65   68   70   72   73   73   74   74   74   73   71   68   65
   61   56   50   45   38   32   27   23   20
    67.5-180.0 180.0   5.0 450.0                            LAT/LON1/LON2/DLON/H
   24   21   19   19   20   21   23   25   25   25   24   24   23   23   23   24
   25   25   27   28   29   29   29   28   27   26   25   24   23   23   22   21
   21   19   18   17   17   18   19   22   25   29   33   37   42   46   51   55
   60   64   68   71   74   76   77   78   78   79   79   78   78   77   75   72
   68   64   59   53   47   41   34   28   24
    65.0-180.0 180.0   5.0 450.0                            LAT/LON1/LON2/DLON/H
   29   24   21   20   20   21   22   23   23   23   23   23   22   22   22   23
   25   27   29   30   31   31   31   29   28   27   26   25   24   22   22   21
   19   18   18   16   15   16   18   22   26   31   36   42   46   51   56   61
   65   70   73   77   79   80   80   81   80   80   80   80   79   78   77   75
   72   69   65   60   54   48   41   34   29
    62.5-180.0 180.0   5.0 450.0                            LAT/LON1/LON2/DLON/H
   34   28   24   21   20   20   21   21   22   22   22   22   21   21   21   23
   25   28   29   30   31   30   30   28   27   27   26   24   23   22   21   21
   20   19   17   15   15   16   19   24   29   35   41   46   51   56   61   65
   69   74   77   81   82   83   83   83   82   81   80   79   78   77   76   75
   72   71   68   64   60   54   48   41   34
    60.0-180.0 180.0   5.0 450.0                            LAT/LON1/LON2/DLON/H
   39   32   27   23   21   20   20   20   21   21   21   21   21   21   22   23
   25   27   28   28   27   27   26   24   25   25   24   23   22   21   22   23
   23   21   18   16   17   19   22   27   33   40   46   52   56   61   65   69
   73   77   82   84   86   87   87   86   85   83   81   80   78   77   75   74
   72   71   69   67   64   59   53   46   39
    57.5-180.0 180.0   5.0 450.0                            LAT/LON1/LON2/DLON/H
   44   37   30   25   22   20   20   20   20   21   20   20   21   21   22   23
   25   25   25   25   23   23   22   20   20   21   21   22   22   22   23   25
   25   23   20   19   19   22   27   33   40   46   52   58   61   65   69   73
   78   83   87   91   93   94   94   93   91   89   86   84   81   79   76   73
   72   71   70   68   67   63   58   51   44
    55.0-180.0 180.0   5.0 450.0                            LAT/LON1/LON2/DLON/H
   49   41   35   30   26   23   22   21   21   21   21   21   21   22   23   23
   24   24   23   21   20   18   18   17   17   19   19   22   24   26   27   29
   29   26   24   23   24   28   34   40   47   54   59   63   67   70   74   78
   83   89   95  100  103  105  105  104  101   99   95   92   89   85   81   77
   74   73   71   71   70   67   63   57   49
    52.5-180.0 180.0   5.0 450.0                            LAT/LON1/LON2/DLON/H
   54   47   40   35   30   27   25   24   23   23   23   23   23   24   24   24
   24   23   22   19   18   17   17   17   18   20   22   26   29   32   34   35
   34   32   29   29   30   35   42   49   56   62   67   71   73   76   79   84
   90   97  105  111  116  119  120  118  115  112  108  104  100   95   90   85
   80   77   76   75   74   72   68   62   54
    50.0-180.0 180.0   5.0 450.0                            LAT/LON1/LON2/DLON/H
   59   52   46   41   37   33   31   28   27   25   25   26   26   26   26   27
   26   25   23   21   20   20   21   22   24   26   29   34   38   41   43   44
   42   38   36   35   37   43   50   58   66   72   76   79   81   83   87   92
   99  107  115  123  130  134  134  133  129  126  122  117  112  107  100   95
   90   85   83   82   80   78   73   66   59
    47.5-180.0 180.0   5.0 450.0                            LAT/LON1/LON2/DLON/H
   63   56   51   47   44   41   38   34   31   29   29   29   30   30   30   30
   29   28   27   26   26   27   29   32   34   38   41   45   48   51   53   53
   50   46   42   42   45   51   59   68   76   82   85   88   90   93   95  101
  108  117  126  134  141  144  145  144  141  137  132  128  123  118  112  106
  100   95   91   89   85   83   78   71   63
    45.0-180.0 180.0   5.0 450.0                            LAT/LON1/LON2/DLON/H
   66   60   56   53   50   48   44   40   36   35   35   35   35   35   34   33
   33   33   33   33   35   38   41   45   48   51   54   57   60   62   63   61
   57   52   49   48   52   59   67   77   85   91   95   98  101  104  107  112
  118  127  135  142  148  150  150  149  147  142  138  133  130  126  121  116
  110  105  100   96   91   87   81   74   66
    42.5-180.0 180.0   5.0 450.0                            LAT/LON1/LON2/DLON/H
   68   62   59   57   56   54   51   46   42   41   41   42   42   41   39   38
   38   39   40   42   45   49   53   58   61   64   66   69   70   71   71   68
   63   58   55   54   58   65   75   85   94  101  105  109  113  116  119  123
  128  136  142  147  151  151  150  148  146  143  139  135  132  129  126  122
  118  113  108  102   97   91   84   75   68
    40.0-180.0 180.0   5.0 450.0                            LAT/LON1/LON2/DLON/H
   68   63   60   60   60   58   56   52   48   48   48   48   48   47   45   44
   44   45   47   51   55   59   64   68   73   75   76   77   78   77   77   74
   68   63   59   59   63   71   82   93  102  110  115  120  125  128  131  135
  138  143  146  149  150  149  148  146  145  142  137  134  131  129  127  126
  123  120  114  109  102   95   87   77   68
    37.5-180.0 180.0   5.0 450.0                            LAT/LON1/LON2/DLON/H
   69   63   60   60   61   61   59   56   53   53   54   55   55   54   52   50
   51   52   54   58   63   67   71   75   79   81   82   82   82   81   80   77
   72   67   63   63   67   75   87   99  109  118  125  130  136  140  143  146
  147  149  149  149  149  148  148  147  147  145  141  135  132  129  128  128
  127  124  119  113  106   97   89   79   69
    35.0-180.0 180.0   5.0 450.0                            LAT/LON1/LON2/DLON/H
   69   62   59   59   60   60   59   57   56   57   59   61   62   61   58   57
   57   58   61   64   67   71   75   77   80   82   83   83   82   82   81   78
   74   69   66   66   70   78   90  104  116  126  133  139  145  149  153  156
  157  156  155  153  153  153  155  157  160  158  154  147  141  135  133  133
  131  129  124  118  110  101   90   80   69
    32.5-180.0 180.0   5.0 450.0                            LAT/LON1/LON2/DLON/H
   68   61   57   56   57   57   57   56   55   58   62   65   67   66   65   64
   64   64   65   67   69   72   74   76   77   78   79   80   80   80   80   78
   74   71   68   68   72   80   94  108  122  132  139  146  152  157  162  165
  165  165  164  164  165  167  172  180  186  187  182  173  162  152  145  142
  139  136  130  123  115  105   94   81   68
    30.0-180.0 180.0   5.0 450.0                            LAT/LON1/LON2/DLON/H
   72   62   56   53   53   53   52   51   53   56   61   66   69   70   70   70
   69   69   69   69   70   70   70   71   72   72   74   75   76   77   77   76
   74   71   69   68   71   80   96  112  125  136  145  152  158  163  168  172
  175  176  179  184  188  192  201  216  227  230  227  215  198  182  168  159
  152  146  139  131  123  113  101   87   72
    27.5-180.0 180.0   5.0 450.0                            LAT/LON1/LON2/DLON/H
   80   68   58   53   50   48   48   46   48   51   58   64   68   71   72   73
   73   72   71   70   68   68   67   67   68   68   70   71   73   74   74   73
   72   69   67   66   69   80   96  113  128  139  148  155  161  168  175  181
  186  192  201  212  218  228  241  262  278  285  283  269  245  222  200  185
  172  161  151  142  134  123  111   96   80
    25.0-180.0 180.0   5.0 450.0                            LAT/LON1/LON2/DLON/H
   95   80   67   57   51   47   45   42   43   47   53   59   65   68   71   72
   73   73   72   70   68   66   66   66   66   68   69   70   71   71   70   69
   68   65   63   62   67   78   95  113  128  140  149  156  164  173  184  192
  201  213  227  241  253  269  286  310  329  342  343  328  300  266  239  219
  198  181  168  158  148  138  128  112   95
    22.5-180.0 180.0   5.0 450.0                            LAT/LON1/LON2/DLON/H
  114   96   80   67   58   52   47   43   42   45   49   54   59   63   66   69
   71   71   70   69   67   66   66   67   69   70   71   71   71   69   67   64
   61   59   58   57   64   77   94  113  128  140  149  158  166  178  191  205
  218  234  251  268  286  306  326  350  370  385  391  380  354  318  281  254
  227  205  188  176  167  159  147  133  114
    20.0-180.0 180.0   5.0 450.0                            LAT/LON1/LON2/DLON/H
  134  114   97   81   70   63   56   50   46   45   48   51   55   58   61   63
   66   68   68   67   66   68   69   72   75   76   76   74   71   68   64   59
   55   53   53   54   62   75   93  112  127  140  150  159  169  183  199  215
  234  253  271  292  312  329  349  368  385  400  409  405  387  356  320  290
  260  234  212  198  187  181  170  153  134
    17.5-180.0 180.0   5.0 450.0                            LAT/LON1/LON2/DLON/H
  157  134  114   98   86   77   70   62   55   51   50   52   53   55   56   59
   62   64   65   65   67   69   73   78   81   83   82   78   73   67   61   55
   51   49   49   52   60   74   93  111  127  140  150  161  173  189  207  228
  248  269  287  305  323  336  349  361  374  389  399  402  394  374  347  316
  288  261  238  222  211  203  193  176  157
    15.0-180.0 180.0   5.0 450.0                            LAT/LON1/LON2/DLON/H
  178  155  134  117  106   95   87   78   70   61   57   56   55   55   55   56
   59   62   64   65   68   72   78   84   89   91   88   83   76   68   60   54
   49   46   47   51   59   74   92  110  126  140  153  165  180  197  218  240
  261  279  295  309  319  327  333  339  349  362  374  382  384  375  356  331
  305  280  262  246  235  225  214  198  178
    12.5-180.0 180.0   5.0 450.0                            LAT/LON1/LON2/DLON/H
  197  176  156  139  127  115  107   98   88   76   68   65   61   59   58   58
   60   63   65   67   71   76   83   90   95   97   94   87   78   69   60   52
   47   44   44   50   60   76   94  111  126  141  156  171  188  206  228  249
  269  284  295  303  307  310  310  312  318  329  341  354  363  363  354  336
  314  294  277  264  254  243  231  216  197
    10.0-180.0 180.0   5.0 450.0                            LAT/LON1/LON2/DLON/H
  215  196  178  160  147  135  126  119  107   93   83   77   73   70   66   65
   66   68   71   73   76   81   88   95  100  101   97   89   79   70   60   52
   45   41   43   49   62   78   96  112  128  143  160  176  192  211  232  253
  269  281  288  291  293  293  291  289  292  299  310  325  338  346  345  333
  316  299  286  275  265  255  242  230  215
     7.5-180.0 180.0   5.0 450.0                            LAT/LON1/LON2/DLON/H
  228  212  197  180  165  152  142  136  126  112  100   93   87   86   80   79
   78   80   82   83   85   89   94   98  103  103   99   91   81   70   60   51
   44   41   43   52   65   81   99  115  129  145  162  176  193  211  231  250
  264  273  278  281  283  283  281  278  279  282  290  304  319  330  332  325
  313  300  288  279  271  263  253  241  228
     5.0-180.0 180.0   5.0 450.0                            LAT/LON1/LON2/DLON/H
  239  225  211  195  179  166  156  148  139  127  116  108  104  105  100   98
   96   96   97   97   97   98  101  103  105  105  101   93   83   73   63   54
   47   44   47   56   70   86  101  115  130  145  160  175  190  207  225  241
  254  263  270  275  280  283  284  281  279  280  286  296  308  318  322  317
  309  298  287  279  273  268  261  250  239
     2.5-180.0 180.0   5.0 450.0                            LAT/LON1/LON2/DLON/H
  248  236  223  208  193  178  166  157  147  136  126  120  120  124  122  119
  119  120  120  113  110  109  108  107  107  105  102   95   87   77   67   58
   51   48   52   62   75   89  103  116  129  143  157  171  185  200  215  230
  243  254  265  276  284  291  297  298  295  293  295  300  307  312  314  311
  303  294  284  277  274  271  267  259  248
