data/7 day dataset/IGS corrections/igsg3010.20i
     1.0            IONOSPHERE MAPS     MIX                 IONEX VERSION / TYPE
cmpcmb v1.2          GRL/UWM            12-nov-20 16:38     PGM / RUN BY / DATE 
ionex file containing IGS COMBINED Ionosphere maps          COMMENT             
global ionosphere maps for day 301, 2020                    DESCRIPTION         
IONEX file containing the COMBINED IGS TEC MAPS and DCBs    DESCRIPTION         
      IONEX files of the following IAACs were combined: cod DESCRIPTION         
                                                        esa DESCRIPTION         
                                                        jpl DESCRIPTION         
                                                        upc DESCRIPTION         
Contact address: Andrzej Krankowski                         DESCRIPTION
                 Geodynamics Research Laboratory            DESCRIPTION
                 University of Warmia and Mazury (GRL/UWM)  DESCRIPTION
                 Oczapowski St. 1                           DESCRIPTION
                 10-957-Olsztyn, POLAND                     DESCRIPTION
                 e-mail:  kand@uwm.edu.pl                   DESCRIPTION
                                                            DESCRIPTION         
  2020    10    27     0     0     0                        EPOCH OF FIRST MAP  
  2020    10    28     0     0     0                        EPOCH OF LAST MAP   
  7200                                                      INTERVAL            
    13                                                      # OF MAPS IN FILE   
  COSZ                                                      MAPPING FUNCTION    
     0.0                                                    ELEVATION CUTOFF    
combined TEC calculated as weighted mean of input TEC valuesOBSERVABLES USED    
   420                                                      # OF STATIONS       
    31                                                      # OF SATELLITES     
  6371.0                                                    BASE RADIUS         
     2                                                      MAP DIMENSION       
   450.0 450.0   0.0                                        HGT1 / HGT2 / DHGT  
    87.5 -87.5  -2.5                                        LAT1 / LAT2 / DLAT  
  -180.0 180.0   5.0                                        LON1 / LON2 / DLON  
    -1                                                      EXPONENT            
TEC values in 0.1 tec units;  9999, if no value available   COMMENT             
DCB values in nanoseconds, reference is Sum_of_SatDCBs = 0  COMMENT             
                                                            END OF HEADER       
[from data line 3432]
     9                                                      START OF TEC MAP    
  2020    10    27    16     0     0                        EPOCH OF CURRENT MAP
    87.5-180.0 180.0   5.0 450.0                            LAT/LON1/LON2/DLON/H
   26   26   26   26   27   27   27   27   27   28   28   29   29   29   29   29
   29   30   30   30   30   30   30   30   30   30   30   30   29   29   29   29
   28   28   28   27   27   27   27   27   27   26   26   26   26   26   26   25
   25   25   25   25   25   25   25   25   25   25   25   25   25   25   25   25
   25   25   26   26   26   26   26   26   26
    85.0-180.0 180.0   5.0 450.0                            LAT/LON1/LON2/DLON/H
   25   25   26   26   26   27   28   29   29   30   30   31   31   32   33   33
   33   34   34   33   34   33   33   34   34   34   33   32   33   32   31   31
   30   30   29   29   28   28   27   27   27   26   26   26   25   25   25   25
   25   25   25   25   25   24   24   24   24   24   24   24   24   24   24   25
   25   25   24   24   24   24   24   24   25
    82.5-180.0 180.0   5.0 450.0                            LAT/LON1/LON2/DLON/H
   25   25   26   27   28   29   30   31   32   33   34   35   36   37   38   38
   39   39   39   40   39   37   37   39   39   38   38   38   37   37   36   36
   35   34   34   32   31   30   28   27   27   26   25   25   25   24   25   24
   24   24   25   25   25   25   24   24   24   24   24   24   24   24   24   24
   23   23   22   22   22   23   24   24   25
    80.0-180.0 180.0   5.0 450.0                            LAT/LON1/LON2/DLON/H
   23   24   25   26   28   29   31   32   33   35   36   38   39   40   42   43
   45   45   45   46   46   45   43   46   46   45   44   43   43   42   40   39
   37   35   34   34   33   32   30   28   27   26   25   24   24   24   23   23
   23   23   23   23   24   24   24   24   24   24   23   23   23   23   23   22
   21   21   21   21   21   22   22   23   23
    77.5-180.0 180.0   5.0 450.0                            LAT/LON1/LON2/DLON/H
   22   22   24   25   26   27   29   31   32   34   36   38   41   43   46   48
   49   50   51   52   52   52   55   52   50   50   49   48   47   45   44   42
   40   39   38   36   34   33   32   29   28   27   25   24   23   22   22   22
   21   21   21   22   22   23   23   23   23   23   22   21   21   21   20   20
   20   20   19   19   19   20   20   21   22
    75.0-180.0 180.0   5.0 450.0                            LAT/LON1/LON2/DLON/H
   20   21   22   23   24   25   26   27   29   31   34   37   41   44   47   50
   52   55   56   57   58   59   59   58   58   57   56   54   53   51   49   46
   44   43   41   39   38   36   34   32   30   28   26   24   22   22   21   20
   20   20   20   20   21   21   21   21   20   20   20   19   19   19   18   18
   18   17   18   18   18   18   19   19   20
    72.5-180.0 180.0   5.0 450.0                            LAT/LON1/LON2/DLON/H
   17   19   20   20   21   21   22   24   25   27   31   35   39   44   48   52
   55   59   61   63   65   65   65   64   64   64   63   61   59   57   55   53
   50   49   46   44   42   40   38   35   33   30   27   25   23   21   20   19
   19   19   19   19   19   19   19   18   18   17   17   16   16   16   16   15
   15   16   16   16   16   16   17   17   17
    70.0-180.0 180.0   5.0 450.0                            LAT/LON1/LON2/DLON/H
   16   17   18   18   18   19   19   20   22   25   29   33   39   44   49   53
   58   62   65   68   71   70   71   70   71   71   71   69   66   63   61   59
   56   53   51   48   46   44   41   38   35   32   29   26   23   21   19   18
   18   17   17   17   18   17   17   16   16   15   15   15   14   14   14   14
   14   14   14   15   15   15   15   15   16
    67.5-180.0 180.0   5.0 450.0                            LAT/LON1/LON2/DLON/H
   15   16   16   17   17   17   18   18   20   23   27   32   38   43   49   53
   58   63   67   72   75   75   76   77   77   77   76   74   72   68   66   63
   61   57   54   51   48   46   43   40   37   34   30   26   23   21   19   18
   17   17   17   17   17   17   16   16   15   14   14   13   13   13   13   13
   14   14   14   14   14   14   14   15   15
    65.0-180.0 180.0   5.0 450.0                            LAT/LON1/LON2/DLON/H
   15   16   17   17   18   17   17   18   19   22   27   32   37   43   48   53
   59   64   69   74   78   80   81   81   81   81   80   78   76   74   70   67
   64   60   56   53   50   47   45   42   39   36   32   28   25   22   20   19
   18   18   18   18   18   18   17   16   15   15   14   14   14   13   13   14
   15   15   15   15   15   15   15   15   15
    62.5-180.0 180.0   5.0 450.0                            LAT/LON1/LON2/DLON/H
   17   18   19   19   19   19   18   18   20   23   28   33   38   44   49   54
   59   65   70   76   80   83   85   85   85   84   84   82   80   79   76   72
   68   63   59   54   51   48   46   44   41   38   34   30   26   24   22   21
   20   20   20   20   20   19   19   18   17   17   16   16   16   16   16   16
   17   18   18   17   17   16   16   16   17
    60.0-180.0 180.0   5.0 450.0                            LAT/LON1/LON2/DLON/H
   20   20   21   22   22   21   21   21   23   26   30   36   41   46   51   56
   61   66   72   78   82   86   87   88   87   87   87   86   85   84   81   77
   72   67   61   56   52   49   46   45   43   40   36   32   29   27   25   24
   24   23   24   24   23   22   22   21   21   21   20   20   20   20   20   20
   21   21   21   21   20   19   19   18   20
    57.5-180.0 180.0   5.0 450.0                            LAT/LON1/LON2/DLON/H
   23   24   25   25   25   24   24   25   27   30   35   40   45   50   54   59
   64   69   75   80   84   88   89   89   89   89   89   89   89   89   87   83
   78   72   65   59   55   51   48   46   45   43   40   37   34   32   30   29
   29   29   28   28   27   26   26   26   26   26   26   26   26   26   26   26
   26   26   26   26   25   24   23   23   23
    55.0-180.0 180.0   5.0 450.0                            LAT/LON1/LON2/DLON/H
   29   29   29   30   29   29   28   30   32   36   41   46   51   55   59   62
   67   72   77   83   86   89   90   91   90   91   91   93   94   94   93   91
   85   79   71   64   59   55   52   51   48   46   45   42   40   38   36   35
   34   34   34   33   32   32   32   32   33   33   33   33   32   32   32   32
   32   32   33   32   31   30   29   29   29
    52.5-180.0 180.0   5.0 450.0                            LAT/LON1/LON2/DLON/H
   35   35   35   34   34   33   33   35   38   42   47   52   57   60   64   67
   71   76   80   85   88   91   92   93   92   92   94   96   99  100  100   98
   93   87   80   73   66   62   59   56   54   52   51   48   47   45   43   43
   42   41   40   39   38   38   38   39   39   40   40   40   39   38   38   38
   38   38   39   39   38   36   36   36   35
    50.0-180.0 180.0   5.0 450.0                            LAT/LON1/LON2/DLON/H
   42   41   41   40   40   39   39   42   46   50   55   59   63   67   69   73
   76   80   84   87   90   93   94   95   95   96   97   99  104  106  107  105
  101   95   90   82   76   71   67   64   61   59   57   56   54   53   52   51
   49   48   47   46   45   44   44   45   46   46   47   47   46   44   43   43
   44   44   45   44   43   43   42   42   42
    47.5-180.0 180.0   5.0 450.0                            LAT/LON1/LON2/DLON/H
   48   47   47   45   44   44   45   47   53   58   62   66   69   72   75   79
   82   85   87   91   94   96   98   99  100  101  103  105  109  112  112  112
  109  105   99   93   87   82   77   73   70   67   65   63   62   60   59   57
   56   55   54   53   51   51   51   52   52   53   53   52   51   50   49   49
   50   50   50   49   48   48   48   49   48
    45.0-180.0 180.0   5.0 450.0                            LAT/LON1/LON2/DLON/H
   52   52   51   50   48   47   49   53   59   65   70   73   76   78   81   85
   87   91   92   95   98  100  103  105  107  110  111  113  114  116  116  116
  117  114  108  104   99   94   89   85   79   76   72   70   68   67   65   63
   61   61   60   59   58   57   57   58   57   57   57   56   55   54   53   54
   54   55   54   53   52   52   52   53   52
    42.5-180.0 180.0   5.0 450.0                            LAT/LON1/LON2/DLON/H
   55   55   54   52   50   50   52   57   64   71   76   79   82   85   88   91
   95   97   99  101  103  107  110  114  117  120  121  121  120  119  118  118
  120  119  117  115  111  107  102   96   90   83   79   76   74   72   70   68
   67   66   65   64   63   63   62   62   62   61   60   59   58   57   56   57
   57   57   56   55   54   54   54   55   55
    40.0-180.0 180.0   5.0 450.0                            LAT/LON1/LON2/DLON/H
   54   54   54   52   51   50   53   60   68   76   82   86   89   92   95   99
  102  104  105  107  109  114  118  123  127  130  131  129  125  121  119  119
  121  123  124  124  123  120  115  107   99   92   86   82   78   76   73   71
   70   69   69   68   67   67   66   66   64   63   62   60   59   58   59   59
   59   58   56   55   54   54   54   54   54
    37.5-180.0 180.0   5.0 450.0                            LAT/LON1/LON2/DLON/H
   51   51   50   49   48   48   52   60   71   80   87   92   96   99  103  106
  109  111  112  114  117  121  126  132  137  140  140  137  131  124  122  122
  124  127  130  131  132  131  126  117  109  100   93   87   82   78   75   73
   71   70   70   70   70   69   68   67   66   64   62   60   60   60   60   60
   60   58   55   53   51   51   50   50   51
    35.0-180.0 180.0   5.0 450.0                            LAT/LON1/LON2/DLON/H
   44   45   45   44   42   44   49   59   71   84   93   99  104  108  111  115
  117  119  119  121  124  128  133  139  144  147  148  145  138  131  129  130
  131  134  137  140  142  142  137  129  119  109  100   93   85   80   76   73
   71   71   70   71   70   70   69   68   66   63   61   60   60   60   61   61
   60   57   54   51   48   46   45   44   44
    32.5-180.0 180.0   5.0 450.0                            LAT/LON1/LON2/DLON/H
   37   38   38   36   36   37   44   55   71   86   97  106  112  116  120  123
  125  125  125  127  129  133  138  143  148  152  153  151  146  141  141  143
  144  145  147  150  151  151  147  140  130  118  107   98   89   82   76   73
   72   71   70   70   70   70   69   68   66   63   61   60   61   61   62   62
   60   56   52   49   45   42   40   38   37
    30.0-180.0 180.0   5.0 450.0                            LAT/LON1/LON2/DLON/H
   31   31   30   29   28   30   38   51   69   87  102  113  120  125  128  131
  131  131  130  132  134  137  141  145  149  154  156  156  156  156  158  161
  162  162  161  162  161  162  158  151  139  127  114  104   93   84   78   75
   73   71   71   70   70   69   68   67   65   62   61   61   62   63   64   62
   60   57   52   48   44   39   35   32   31
    27.5-180.0 180.0   5.0 450.0                            LAT/LON1/LON2/DLON/H
   26   26   25   23   22   23   31   46   66   87  106  119  128  134  137  138
  138  136  135  137  138  140  143  146  150  154  158  163  168  174  181  185
  187  183  181  178  175  175  170  162  149  136  123  111   99   89   83   79
   76   74   73   72   70   69   67   67   65   63   62   63   64   66   65   64
   62   59   55   50   44   38   33   29   26
    25.0-180.0 180.0   5.0 450.0                            LAT/LON1/LON2/DLON/H
   25   24   22   20   17   19   27   42   64   88  109  126  137  143  145  145
  144  142  142  142  143  143  144  147  149  155  162  172  184  195  208  216
  218  212  205  201  193  190  185  175  161  147  134  121  108   98   92   88
   84   82   78   75   73   70   69   68   67   67   67   67   69   70   69   67
   64   61   57   53   47   40   34   28   25
    22.5-180.0 180.0   5.0 450.0                            LAT/LON1/LON2/DLON/H
   25   23   21   18   16   17   25   42   65   90  113  132  145  152  154  154
  151  149  148  149  149  149  148  149  153  160  170  185  205  221  238  249
  251  243  233  224  216  209  202  189  173  158  145  133  121  111  106  102
   97   93   88   83   78   74   73   72   72   72   73   74   76   75   73   71
   68   65   61   57   51   44   37   30   25
    20.0-180.0 180.0   5.0 450.0                            LAT/LON1/LON2/DLON/H
   29   25   21   19   17   19   28   45   68   95  119  138  152  161  163  162
  158  157  158  159  159  157  156  156  159  169  183  202  225  251  269  280
  282  273  259  246  235  226  215  202  184  170  158  148  137  130  125  118
  114  108  101   94   87   82   80   80   80   81   81   82   83   81   79   76
   73   70   66   61   57   50   42   34   29
    17.5-180.0 180.0   5.0 450.0                            LAT/LON1/LON2/DLON/H
   35   30   25   23   21   23   34   52   74  100  124  144  159  168  171  170
  168  168  170  173  173  171  168  167  172  183  201  224  250  276  296  307
  307  298  281  265  251  239  227  212  196  184  172  164  154  149  145  139
  131  124  115  107   98   91   88   89   90   90   90   90   90   87   84   82
   79   76   71   68   64   56   49   41   35
    15.0-180.0 180.0   5.0 450.0                            LAT/LON1/LON2/DLON/H
   42   36   31   28   26   29   41   59   82  107  130  149  163  174  179  181
  181  183  186  190  191  189  185  184  190  203  222  247  275  298  316  326
  326  316  299  281  265  253  241  226  211  199  190  181  172  168  162  155
  148  140  131  120  110  103   99   99  100  101   99   97   96   92   89   86
   83   80   76   73   69   64   55   49   42
    12.5-180.0 180.0   5.0 450.0                            LAT/LON1/LON2/DLON/H
   49   43   37   33   31   35   47   68   90  114  136  154  168  179  186  191
  195  201  206  211  212  210  206  206  212  225  245  269  294  315  331  338
  337  328  312  297  282  271  259  246  230  219  210  200  190  183  175  168
  160  153  144  132  120  112  109  110  111  109  106  102  100   94   91   87
   84   81   78   76   73   69   63   55   49
    10.0-180.0 180.0   5.0 450.0                            LAT/LON1/LON2/DLON/H
   55   49   42   38   36   41   55   75  100  123  144  160  173  185  193  201
  210  218  225  232  235  234  231  231  238  250  268  289  309  326  339  343
  342  336  326  314  303  295  286  271  255  242  231  218  205  194  184  176
  169  161  152  140  128  119  118  119  118  115  110  105  100   93   90   86
   83   80   77   75   73   72   67   61   55
     7.5-180.0 180.0   5.0 450.0                            LAT/LON1/LON2/DLON/H
   59   52   46   42   42   47   63   85  109  132  151  167  179  191  202  211
  222  233  242  252  256  258  256  258  264  275  289  306  321  333  342  345
  346  345  341  336  330  324  315  298  281  264  248  230  213  198  187  178
  171  164  155  144  133  126  126  127  125  119  112  105   99   91   87   83
   80   76   73   72   71   71   69   64   59
     5.0-180.0 180.0   5.0 450.0                            LAT/LON1/LON2/DLON/H
   60   55   49   46   47   54   70   93  117  138  157  172  185  197  210  221
  234  246  257  267  274  279  281  284  290  298  308  321  330  338  344  349
  354  357  358  360  359  352  342  323  302  282  260  236  215  197  185  177
  169  163  154  145  137  132  132  132  129  122  112  103   96   88   84   80
   76   73   70   68   67   68   67   64   60
     2.5-180.0 180.0   5.0 450.0                            LAT/LON1/LON2/DLON/H
   60   56   52   50   52   61   77  100  124  145  162  177  190  202  215  229
  242  255  268  279  288  295  301  306  311  318  325  331  336  342  349  357
  365  370  377  382  380  373  363  342  317  291  263  237  212  193  180  172
  165  159  151  144  138  135  135  135  132  123  111  101   93   85   81   77
   72   69   66   64   65   65   65   63   60
