data/7 day dataset/IGS corrections/igsg3030.20i
     1.0            IONOSPHERE MAPS     MIX                 IONEX VERSION / TYPE
cmpcmb v1.2          GRL/UWM            12-nov-20 16:49     PGM / RUN BY / DATE 
ionex file containing IGS COMBINED Ionosphere maps          COMMENT             
global ionosphere maps for day 303, 2020                    DESCRIPTION         
IONEX file containing the COMBINED IGS TEC MAPS and DCBs    DESCRIPTION         
      IONEX files of the following IAACs were combined: cod DESCRIPTION         
                                                        esa DESCRIPTION         
                                                        jpl DESCRIPTION         
                                                        upc DESCRIPTION         
Contact address: Andrzej Krankowski                         DESCRIPTION
                 Geodynamics Research Laboratory            DESCRIPTION
                 University of Warmia and Mazury (GRL/UWM)  DESCRIPTION
                 Oczapowski St. 1                           DESCRIPTION
                 10-957-Olsztyn, POLAND                     DESCRIPTION
                 e-mail:  kand@uwm.edu.pl                   DESCRIPTION
                                                            DESCRIPTION         
  2020    10    29     0     0     0                        EPOCH OF FIRST MAP  
  2020    10    30     0     0     0                        EPOCH OF LAST MAP   
  7200                                                      INTERVAL            
    13                                                      # OF MAPS IN FILE   
  COSZ                                                      MAPPING FUNCTION    
     0.0                                                    ELEVATION CUTOFF    
combined TEC calculated as weighted mean of input TEC valuesOBSERVABLES USED    
   418                                                      # OF STATIONS       
    31                                                      # OF SATELLITES     
  6371.0                                                    BASE RADIUS         
     2                                                      MAP DIMENSION       
   450.0 450.0   0.0                                        HGT1 / HGT2 / DHGT  
    87.5 -87.5  -2.5                                        LAT1 / LAT2 / DLAT  
  -180.0 180.0   5.0                                        LON1 / LON2 / DLON  
    -1                                                      EXPONENT            
TEC values in 0.1 tec units;  9999, if no value available   COMMENT             
DCB values in nanoseconds, reference is Sum_of_SatDCBs = 0  COMMENT             
                                                            END OF HEADER       
[from data line 3861]
    10                                                      START OF TEC MAP    
  2020    10    29    18     0     0                        EPOCH OF CURRENT MAP
    87.5-180.0 180.0   5.0 450.0                            LAT/LON1/LON2/DLON/H
   50   50   50   51   51   51   51   51   52   52   52   53   54   54   55   55
   55   56   57   57   58   59   59   60   60   60   60   61   61   61   61   61
   62   62   62   62   62   62   62   62   61   61   61   61   61   60   60   60
   60   60   59   59   59   59   58   58   58   57   56   56   55   55   54   54
   53   53   52   51   51   51   50   50   50
    85.0-180.0 180.0   5.0 450.0                            LAT/LON1/LON2/DLON/H
   47   47   48   48   48   48   48   49   49   50   51   51   54   54   55   56
   57   58   57   57   58   58   59   59   60   61   62   63   64   65   65   64
   64   64   64   64   64   63   63   63   63   63   63   62   62   62   61   61
   61   60   59   58   58   57   57   56   55   55   54   53   53   52   51   50
   50   49   48   48   48   48   47   47   47
    82.5-180.0 180.0   5.0 450.0                            LAT/LON1/LON2/DLON/H
   45   45   44   44   44   45   45   45   46   47   49   49   51   52   54   55
   56   57   58   58   58   59   58   58   61   62   63   64   65   65   65   65
   65   64   63   62   62   61   60   60   60   60   60   60   60   60   60   61
   60   60   59   58   57   56   56   55   54   53   52   52   52   51   50   49
   48   48   47   46   46   45   45   45   45
    80.0-180.0 180.0   5.0 450.0                            LAT/LON1/LON2/DLON/H
   43   43   43   43   43   43   43   42   43   43   44   46   47   49   51   53
   54   56   58   59   60   61   58   60   60   61   62   61   61   61   61   61
   60   59   58   57   56   56   56   56   56   55   54   55   55   55   55   56
   57   56   56   56   56   56   56   54   54   53   52   52   51   51   50   49
   48   47   46   45   45   45   44   44   43
    77.5-180.0 180.0   5.0 450.0                            LAT/LON1/LON2/DLON/H
   42   41   42   41   41   41   40   40   41   42   43   45   47   49   50   52
   54   58   60   59   59   63   63   62   62   59   58   56   55   54   53   54
   54   53   53   53   51   50   49   49   49   50   49   49   48   49   49   50
   51   52   52   52   53   53   53   53   53   53   52   52   51   50   49   48
   46   46   45   44   43   42   42   42   42
    75.0-180.0 180.0   5.0 450.0                            LAT/LON1/LON2/DLON/H
   40   40   40   40   40   39   39   39   40   42   44   45   47   48   50   53
   57   60   63   66   66   63   63   61   60   58   57   54   52   50   48   46
   45   45   45   45   44   43   42   41   42   42   43   43   43   43   44   44
   46   47   48   48   49   50   51   51   52   51   51   50   49   48   46   45
   44   43   42   41   40   40   40   40   40
    72.5-180.0 180.0   5.0 450.0                            LAT/LON1/LON2/DLON/H
   37   38   38   38   38   38   38   40   41   42   44   46   49   51   55   59
   63   68   73   72   70   67   66   62   60   57   53   50   49   46   43   40
   38   37   36   37   36   35   34   34   34   35   36   36   37   37   38   38
   39   41   42   44   45   46   47   48   48   48   48   47   45   44   42   41
   40   39   37   37   37   37   37   37   37
    70.0-180.0 180.0   5.0 450.0                            LAT/LON1/LON2/DLON/H
   34   35   36   36   38   38   39   41   42   44   46   49   52   56   61   66
   72   79   82   81   78   76   72   66   62   58   53   47   45   41   38   34
   31   30   30   29   28   28   27   27   27   28   29   30   31   32   32   32
   33   35   37   39   40   41   42   43   44   43   43   42   41   39   38   36
   35   34   33   32   33   33   33   34   34
    67.5-180.0 180.0   5.0 450.0                            LAT/LON1/LON2/DLON/H
   31   32   34   35   36   38   40   42   44   46   49   53   57   62   67   75
   82   89   93   93   90   85   80   72   66   61   56   48   44   41   34   31
   28   25   24   23   22   21   21   22   23   23   24   24   25   26   26   27
   28   30   32   33   34   35   36   37   38   38   37   37   36   34   32   31
   30   29   29   28   28   29   30   31   31
    65.0-180.0 180.0   5.0 450.0                            LAT/LON1/LON2/DLON/H
   28   30   32   34   36   39   42   44   47   50   53   57   62   69   76   85
   93  101  107  106  103   97   90   81   73   66   59   53   46   40   36   31
   27   24   21   19   18   18   18   19   20   20   21   22   22   21   22   22
   23   25   27   28   29   29   31   32   32   32   32   31   30   29   28   26
   26   25   24   24   25   26   27   27   28
    62.5-180.0 180.0   5.0 450.0                            LAT/LON1/LON2/DLON/H
   26   28   31   33   37   40   43   47   50   54   58   62   68   76   84   95
  104  112  117  118  115  110  101   92   83   74   67   61   54   46   41   36
   32   27   23   20   18   17   18   18   19   20   21   21   20   20   20   19
   20   21   22   24   25   25   26   27   26   26   26   27   26   25   25   23
   23   22   22   22   22   23   24   25   26
    60.0-180.0 180.0   5.0 450.0                            LAT/LON1/LON2/DLON/H
   25   28   30   34   38   42   46   50   54   58   62   67   74   82   92  102
  113  121  126  127  124  120  112  103   93   86   77   73   66   58   51   46
   40   35   29   25   22   20   20   21   21   22   22   23   22   20   20   19
   19   20   21   22   23   23   24   24   24   24   24   25   25   25   24   23
   22   21   21   21   21   22   23   24   25
    57.5-180.0 180.0   5.0 450.0                            LAT/LON1/LON2/DLON/H
   27   29   32   36   41   45   50   54   58   62   66   71   78   87   97  108
  118  127  132  133  130  126  118  111  102   96   90   86   80   73   65   59
   53   45   39   33   29   26   26   27   27   26   27   26   25   24   23   22
   22   22   22   23   23   24   24   24   24   25   26   27   27   28   27   27
   26   24   23   22   22   23   24   25   27
    55.0-180.0 180.0   5.0 450.0                            LAT/LON1/LON2/DLON/H
   30   32   35   40   45   50   54   59   63   66   71   75   81   90  100  111
  122  129  134  135  133  129  122  116  110  105  100   97   94   87   80   73
   66   57   49   42   37   35   33   33   33   33   34   32   31   30   28   27
   27   27   27   27   27   27   27   28   29   29   31   32   32   33   32   32
   30   29   27   27   26   27   28   29   30
    52.5-180.0 180.0   5.0 450.0                            LAT/LON1/LON2/DLON/H
   34   36   40   45   50   56   60   64   68   71   75   79   84   92  101  112
  121  129  133  134  132  129  124  119  116  112  110  109  107  103   94   87
   78   69   59   52   46   43   42   41   42   42   41   41   39   37   36   35
   35   34   35   35   34   34   35   35   36   37   38   39   40   39   39   39
   37   35   33   33   33   32   33   34   34
    50.0-180.0 180.0   5.0 450.0                            LAT/LON1/LON2/DLON/H
   39   41   45   51   57   62   67   70   73   76   79   82   87   93  102  111
  120  128  131  132  131  129  126  124  123  121  120  120  119  115  106   99
   88   78   68   60   54   52   51   50   51   51   50   49   47   46   44   43
   43   43   43   43   44   44   44   44   45   46   47   47   48   47   47   46
   44   42   40   39   39   39   39   39   39
    47.5-180.0 180.0   5.0 450.0                            LAT/LON1/LON2/DLON/H
   45   47   51   57   63   69   73   76   79   82   84   86   90   96  103  112
  119  126  129  131  131  130  130  130  130  130  131  131  129  124  115  106
   95   83   73   66   61   59   59   59   59   59   58   56   55   54   52   52
   51   51   51   52   52   53   53   54   56   57   57   56   56   54   53   52
   50   48   46   45   45   44   44   44   45
    45.0-180.0 180.0   5.0 450.0                            LAT/LON1/LON2/DLON/H
   49   51   56   63   70   75   79   82   85   87   90   92   95  100  106  113
  120  125  129  131  133  134  136  137  139  141  141  142  138  132  120  109
   98   86   77   70   66   65   66   66   67   66   64   63   61   60   58   58
   59   59   59   60   60   61   61   63   64   65   65   64   63   62   60   58
   56   54   52   50   50   49   48   48   49
    42.5-180.0 180.0   5.0 450.0                            LAT/LON1/LON2/DLON/H
   51   54   60   67   74   80   84   88   91   94   97   99  101  104  110  115
  121  126  130  134  137  141  144  147  150  152  152  152  147  138  126  112
   99   89   80   74   70   70   71   72   73   71   70   67   66   64   64   64
   64   65   66   66   66   67   67   68   69   71   71   70   68   66   64   62
   60   58   56   54   53   52   51   50   51
    40.0-180.0 180.0   5.0 450.0                            LAT/LON1/LON2/DLON/H
   53   57   63   70   77   83   89   93   97  100  103  105  107  110  114  119
  124  129  134  139  144  149  153  157  160  163  162  161  155  144  131  117
  104   93   84   77   75   75   76   76   76   75   73   71   69   68   67   67
   68   69   69   70   70   70   71   72   73   74   73   72   70   69   67   65
   62   60   58   56   55   54   53   52   53
    37.5-180.0 180.0   5.0 450.0                            LAT/LON1/LON2/DLON/H
   53   58   64   72   80   87   93   99  103  107  110  112  114  117  120  123
  128  133  139  145  151  157  163  166  169  171  171  169  162  151  139  126
  113  103   92   85   81   80   79   80   79   77   76   74   72   70   69   68
   68   69   70   71   71   71   72   72   73   74   74   73   71   70   68   65
   63   60   57   56   55   54   52   52   53
    35.0-180.0 180.0   5.0 450.0                            LAT/LON1/LON2/DLON/H
   52   57   64   73   81   89   96  104  110  115  119  120  122  124  126  130
  133  138  144  151  158  165  170  174  175  178  179  178  171  161  151  140
  129  118  106   97   91   86   84   83   81   80   78   77   74   72   70   69
   69   69   69   69   69   69   70   70   71   72   73   72   71   69   68   65
   62   59   56   54   53   52   51   50   52
    32.5-180.0 180.0   5.0 450.0                            LAT/LON1/LON2/DLON/H
   50   56   65   74   83   91  100  109  117  123  128  129  130  132  134  136
  139  143  148  156  163  170  173  176  179  184  188  190  184  177  170  160
  151  139  127  114  105   96   90   87   85   84   82   80   78   75   73   71
   69   68   68   67   67   66   67   68   68   69   70   70   69   68   67   64
   61   57   54   52   51   50   49   47   50
    30.0-180.0 180.0   5.0 450.0                            LAT/LON1/LON2/DLON/H
   49   57   67   77   86   96  106  116  125  133  137  139  141  142  141  143
  144  148  152  159  166  171  173  175  181  188  196  203  203  199  194  187
  180  170  155  138  122  109  100   95   94   90   88   86   84   80   77   73
   71   69   68   66   65   64   64   66   67   67   68   69   68   67   65   63
   60   56   52   51   50   48   47   46   49
    27.5-180.0 180.0   5.0 450.0                            LAT/LON1/LON2/DLON/H
   50   59   70   81   92  102  113  124  135  143  147  150  152  152  151  151
  151  153  156  162  166  169  171  174  182  193  207  220  226  225  224  218
  214  205  186  167  146  124  112  106  102   99   97   95   93   90   85   80
   76   72   69   67   65   65   64   65   65   66   67   68   67   66   64   62
   59   55   51   50   49   47   46   45   50
    25.0-180.0 180.0   5.0 450.0                            LAT/LON1/LON2/DLON/H
   52   62   74   86   98  109  121  134  145  153  158  161  163  164  162  159
  158  159  161  165  168  170  172  177  188  204  221  239  250  257  257  251
  249  241  223  201  173  146  129  118  114  111  107  106  108  107  100   91
   84   78   73   70   69   67   67   67   66   66   67   68   67   66   64   61
   58   54   51   50   49   47   46   47   52
    22.5-180.0 180.0   5.0 450.0                            LAT/LON1/LON2/DLON/H
   55   66   80   93  105  118  132  145  157  165  170  174  176  177  174  170
  167  166  167  170  173  176  178  186  201  220  241  262  276  287  293  288
  282  275  259  232  200  172  152  134  128  124  120  122  123  122  117  106
   95   88   82   78   76   73   72   71   69   68   68   68   67   66   64   61
   58   55   51   50   49   47   46   47   55
    20.0-180.0 180.0   5.0 450.0                            LAT/LON1/LON2/DLON/H
   57   71   86  100  114  129  146  159  171  179  184  188  191  193  191  185
  181  178  176  179  183  187  192  204  222  244  266  288  304  316  321  318
  311  300  283  256  224  202  175  152  144  139  137  137  136  136  131  121
  110  100   93   88   84   81   80   76   74   72   71   70   68   66   64   61
   58   55   52   51   49   48   47   49   57
    17.5-180.0 180.0   5.0 450.0                            LAT/LON1/LON2/DLON/H
   60   75   92  109  125  142  159  175  187  194  200  205  209  211  210  204
  198  193  191  194  199  205  214  229  249  270  292  313  328  340  344  339
  331  316  299  273  241  218  192  173  161  156  153  150  147  146  142  134
  123  113  105   99   95   91   89   84   81   78   76   73   70   68   64   62
   59   56   54   52   51   49   48   51   60
    15.0-180.0 180.0   5.0 450.0                            LAT/LON1/LON2/DLON/H
   65   81   99  117  133  152  172  189  203  212  218  225  229  232  232  226
  219  213  211  212  220  230  243  260  277  295  315  334  346  356  358  352
  342  326  309  284  253  228  206  188  179  171  163  157  153  151  147  141
  132  125  117  110  105  100   98   92   87   83   80   76   72   69   65   63
   59   57   56   54   53   52   51   55   65
    12.5-180.0 180.0   5.0 450.0                            LAT/LON1/LON2/DLON/H
   71   88  106  124  142  162  183  203  218  228  237  245  250  256  255  250
  241  235  234  238  248  262  277  294  307  320  332  345  356  364  364  359
  348  333  314  289  261  236  216  201  190  180  169  161  155  151  148  145
  141  134  127  120  113  108  105   98   93   87   83   77   72   68   65   62
   59   57   56   56   55   55   55   60   71
    10.0-180.0 180.0   5.0 450.0                            LAT/LON1/LON2/DLON/H
   78   94  113  132  149  170  193  214  230  242  253  263  270  276  275  272
  262  258  259  268  279  294  311  325  334  340  345  351  358  364  366  362
  353  338  319  294  266  243  224  211  198  186  173  162  154  150  148  148
  147  144  137  127  119  112  109  102   95   89   83   76   70   66   62   60
   58   56   55   55   56   56   58   65   78
     7.5-180.0 180.0   5.0 450.0                            LAT/LON1/LON2/DLON/H
   83  101  121  139  156  178  201  225  241  254  266  278  285  292  292  291
  285  281  283  296  310  326  340  350  355  355  352  353  357  362  366  368
  362  348  327  301  274  251  232  218  204  189  174  161  154  151  150  152
  154  153  144  134  124  116  111  103   96   88   81   74   68   64   61   59
   57   55   54   53   54   57   61   69   83
     5.0-180.0 180.0   5.0 450.0                            LAT/LON1/LON2/DLON/H
   87  107  127  145  163  185  209  232  249  262  275  287  297  304  306  307
  306  304  305  320  339  355  366  369  370  364  356  353  356  363  372  379
  377  362  341  314  286  260  240  224  208  191  174  162  157  155  156  160
  164  162  152  140  129  120  114  103   96   87   79   72   66   63   61   60
   57   55   53   52   53   56   61   72   87
     2.5-180.0 180.0   5.0 450.0                            LAT/LON1/LON2/DLON/H
   89  110  131  150  169  191  214  236  253  266  278  291  303  311  316  318
  320  321  325  342  363  379  385  383  378  369  358  354  359  369  382  392
  393  380  360  330  299  271  246  227  210  191  175  165  163  164  166  171
  174  170  160  147  133  123  116  102   95   86   77   70   66   63   61   60
   58   56   53   52   52   55   61   73   89
