data/7 day dataset/IGS corrections/igsg3040.20i
     1.0            IONOSPHERE MAPS     MIX                 IONEX VERSION / TYPE
cmpcmb v1.2          GRL/UWM            12-nov-20 16:55     PGM / RUN BY / DATE 
ionex file containing IGS COMBINED Ionosphere maps          COMMENT             
global ionosphere maps for day 304, 2020                    DESCRIPTION         
IONEX file containing the COMBINED IGS TEC MAPS and DCBs    DESCRIPTION         
      IONEX files of the following IAACs were combined: cod DESCRIPTION         
                                                        esa DESCRIPTION         
                                                        jpl DESCRIPTION         
                                                        upc DESCRIPTION         
Contact address: Andrzej Krankowski                         DESCRIPTION
                 Geodynamics Research Laboratory            DESCRIPTION
                 University of Warmia and Mazury (GRL/UWM)  DESCRIPTION
                 Oczapowski St. 1                           DESCRIPTION
                 10-957-Olsztyn, POLAND                     DESCRIPTION
                 e-mail:  kand@uwm.edu.pl                   DESCRIPTION
                                                            DESCRIPTION         
  2020    10    30     0     0     0                        EPOCH OF FIRST MAP  
  2020    10    31     0     0     0                        EPOCH OF LAST MAP   
  7200                                                      INTERVAL            
    13                                                      # OF MAPS IN FILE   
  COSZ                                                      MAPPING FUNCTION    
     0.0                                                    ELEVATION CUTOFF    
combined TEC calculated as weighted mean of input TEC valuesOBSERVABLES USED    
   421                                                      # OF STATIONS       
    31                                                      # OF SATELLITES     
  6371.0                                                    BASE RADIUS         
     2                                                      MAP DIMENSION       
   450.0 450.0   0.0                                        HGT1 / HGT2 / DHGT  
    87.5 -87.5  -2.5                                        LAT1 / LAT2 / DLAT  
  -180.0 180.0   5.0                                        LON1 / LON2 / DLON  
    -1                                                      EXPONENT            
TEC values in 0.1 tec units;  9999, if no value available   COMMENT             
DCB values in nanoseconds, reference is Sum_of_SatDCBs = 0  COMMENT             
                                                            END OF HEADER       
[from data line 1287]
     4                                                      START OF TEC MAP    
  2020    10    30     6     0     0                        EPOCH OF CURRENT MAP
    87.5-180.0 180.0   5.0 450.0                            LAT/LON1/LON2/DLON/H
   31   31   31   31   31   31   31   31   31   31   31   31   31   31   31   30
   30   30   30   30   30   29   29   30   30   30   30   30   30   30   30   30
   31   30   30   31   31   31   31   31   31   31   31   31   31   31   31   32
   32   31   32   32   32   31   31   31   31   31   31   31   31   31   31   31
   31   31   31   31   31   31   31   31   31
    85.0-180.0 180.0   5.0 450.0                            LAT/LON1/LON2/DLON/H
   30   30   30   30   30   31   31   30   30   30   30   30   30   29   29   29
   28   28   27   27   27   26   26   26   26   27   27   27   27   27   27   28
   28   28   29   29   29   29   29   30   30   30   30   30   30   31   31   31
   31   31   32   31   31   31   31   32   31   31   31   31   31   31   31   30
   30   29   29   30   29   29   29   29   30
    82.5-180.0 180.0   5.0 450.0                            LAT/LON1/LON2/DLON/H
   27   27   28   28   29   29   29   30   29   29   29   29   28   27   26   26
   25   24   23   22   22   22   22   22   22   22   22   23   23   24   24   25
   25   25   26   27   27   28   28   29   29   30   29   30   30   30   30   30
   31   31   32   32   32   32   32   32   32   32   32   31   31   31   30   29
   28   28   27   26   26   27   26   27   27
    80.0-180.0 180.0   5.0 450.0                            LAT/LON1/LON2/DLON/H
   23   24   24   26   26   27   28   28   28   28   28   27   26   25   23   22
   21   19   18   17   16   16   17   17   17   17   18   19   20   20   21   22
   23   23   24   25   25   26   27   27   28   29   29   30   30   30   31   31
   32   34   34   35   35   36   36   36   36   36   36   35   35   34   33   31
   29   27   26   25   24   23   23   23   23
    77.5-180.0 180.0   5.0 450.0                            LAT/LON1/LON2/DLON/H
   20   21   22   23   24   25   26   27   27   27   26   25   23   22   20   19
   17   16   15   14   14   14   12   13   13   13   14   15   15   16   17   18
   19   21   22   22   23   24   25   26   27   28   28   29   31   31   33   34
   35   37   38   39   40   42   42   43   44   44   43   42   42   40   39   36
   33   30   27   25   23   21   20   20   20
    75.0-180.0 180.0   5.0 450.0                            LAT/LON1/LON2/DLON/H
   19   18   19   21   22   24   24   25   25   25   24   23   21   19   18   16
   15   15   14   14   13   13   12   13   13   13   13   13   14   15   16   17
   17   18   19   20   21   22   23   24   25   27   28   30   32   34   35   37
   39   42   44   46   48   50   51   52   52   53   53   52   51   49   47   43
   40   35   31   28   25   22   20   19   19
    72.5-180.0 180.0   5.0 450.0                            LAT/LON1/LON2/DLON/H
   18   17   18   19   20   22   23   23   24   23   22   21   19   18   17   16
   15   16   16   14   14   14   13   14   14   14   14   14   15   15   16   16
   16   17   17   18   19   20   21   23   24   27   29   31   34   36   39   42
   45   48   51   54   56   58   60   61   62   62   62   61   60   58   56   52
   48   43   38   34   29   25   23   19   18
    70.0-180.0 180.0   5.0 450.0                            LAT/LON1/LON2/DLON/H
   19   17   17   17   18   19   21   22   22   21   20   20   18   17   17   16
   17   17   17   17   18   17   17   17   17   17   17   17   17   17   16   16
   16   16   16   16   17   19   20   22   24   27   30   33   37   40   44   47
   51   55   58   62   64   66   68   69   70   71   70   70   68   66   64   60
   56   51   46   41   35   30   25   22   19
    67.5-180.0 180.0   5.0 450.0                            LAT/LON1/LON2/DLON/H
   21   18   17   16   17   18   19   20   20   20   19   18   18   17   17   17
   18   19   20   20   21   21   21   20   19   19   19   19   18   18   17   16
   16   16   15   15   16   17   19   21   24   28   31   35   40   44   49   53
   58   62   66   69   71   73   74   75   76   76   76   75   73   72   69   66
   62   57   52   47   41   36   30   26   21
    65.0-180.0 180.0   5.0 450.0                            LAT/LON1/LON2/DLON/H
   25   21   19   17   17   17   18   18   19   19   18   18   18   18   18   19
   20   21   22   22   23   23   23   22   21   20   20   20   19   19   17   17
   16   16   15   15   15   16   18   21   25   29   34   39   44   49   54   59
   64   68   72   74   76   78   78   79   79   78   78   77   75   73   71   68
   65   61   57   51   46   41   35   30   25
    62.5-180.0 180.0   5.0 450.0                            LAT/LON1/LON2/DLON/H
   29   24   21   18   17   17   17   17   18   17   17   18   18   18   19   20
   21   22   23   23   24   24   23   21   21   20   20   19   20   19   18   18
   18   16   15   15   16   17   19   23   27   32   37   43   48   54   59   64
   69   73   76   78   80   81   81   81   79   78   77   76   75   73   71   68
   65   62   59   55   50   46   40   34   29
    60.0-180.0 180.0   5.0 450.0                            LAT/LON1/LON2/DLON/H
   33   28   24   20   18   18   17   17   17   17   17   17   17   19   20   20
   22   23   23   23   22   22   21   19   19   19   19   19   20   19   20   20
   19   18   17   17   17   19   21   26   30   36   42   47   53   58   64   69
   74   77   81   82   83   83   83   82   81   80   78   77   75   73   71   67
   65   62   60   57   54   49   45   39   33
    57.5-180.0 180.0   5.0 450.0                            LAT/LON1/LON2/DLON/H
   38   32   27   23   21   19   18   17   17   17   16   17   18   19   20   21
   21   22   21   20   20   19   18   17   17   18   18   19   20   21   22   22
   22   21   20   19   20   22   26   30   35   41   47   52   58   64   69   74
   78   82   84   87   88   88   87   86   85   84   82   81   78   75   72   68
   65   63   61   58   56   53   49   44   38
    55.0-180.0 180.0   5.0 450.0                            LAT/LON1/LON2/DLON/H
   42   36   31   27   25   22   21   19   18   17   16   17   18   19   20   20
   20   20   19   18   17   17   17   16   18   19   20   22   24   26   26   27
   26   24   23   23   24   27   31   36   41   47   53   59   64   70   74   79
   84   88   92   94   95   96   95   94   93   92   89   88   85   81   76   71
   67   65   63   61   59   57   53   48   42
    52.5-180.0 180.0   5.0 450.0                            LAT/LON1/LON2/DLON/H
   47   41   36   33   30   27   25   22   20   19   18   19   19   20   21   21
   20   20   19   18   17   17   18   19   21   24   25   28   31   32   33   32
   31   29   28   28   30   33   38   43   48   55   60   66   71   76   81   86
   90   95  100  103  105  106  107  105  104  103  100   98   94   89   84   79
   73   70   68   66   64   62   58   53   47
    50.0-180.0 180.0   5.0 450.0                            LAT/LON1/LON2/DLON/H
   52   46   41   38   36   33   30   27   24   22   21   21   22   22   23   23
   22   22   21   20   21   22   24   27   29   32   35   38   40   41   40   39
   37   35   33   34   36   40   46   52   58   63   69   73   79   84   89   93
   98  104  109  113  117  119  119  117  115  114  111  109  105  100   94   88
   82   78   75   73   70   68   64   58   52
    47.5-180.0 180.0   5.0 450.0                            LAT/LON1/LON2/DLON/H
   56   51   47   45   43   40   37   33   29   26   25   26   26   27   26   26
   26   25   26   27   28   31   35   38   41   45   47   50   51   49   48   46
   43   41   39   39   42   47   54   61   67   72   77   82   87   92   96  102
  107  112  118  123  127  129  129  127  125  122  120  117  113  109  103   97
   91   87   83   80   77   73   69   62   56
    45.0-180.0 180.0   5.0 450.0                            LAT/LON1/LON2/DLON/H
   60   55   52   50   49   47   44   39   35   33   32   32   32   32   31   31
   31   32   33   35   39   44   48   52   56   59   61   62   62   59   55   52
   48   45   44   45   49   55   62   70   77   82   86   91   96  101  106  110
  116  121  126  131  135  136  136  133  131  127  124  121  118  114  110  104
   99   95   90   87   83   79   73   66   60
    42.5-180.0 180.0   5.0 450.0                            LAT/LON1/LON2/DLON/H
   62   58   56   55   54   53   50   45   42   41   40   40   41   40   38   37
   38   40   43   47   51   56   61   66   69   72   72   72   69   65   60   57
   52   49   49   50   55   62   71   78   85   90   95   99  105  110  115  119
  123  129  133  137  139  139  136  133  131  126  123  120  117  115  111  108
  105  101   97   93   89   84   78   70   62
    40.0-180.0 180.0   5.0 450.0                            LAT/LON1/LON2/DLON/H
   65   60   58   57   57   57   55   52   48   48   48   49   49   48   46   44
   45   48   52   58   62   67   72   75   79   80   79   77   74   69   64   60
   56   53   53   55   60   68   78   86   93   98  102  107  113  119  124  129
  132  136  138  139  138  136  133  131  127  123  119  115  113  111  109  108
  106  105  102   99   95   89   82   74   65
    37.5-180.0 180.0   5.0 450.0                            LAT/LON1/LON2/DLON/H
   66   60   57   57   58   58   58   56   54   54   55   57   58   56   54   52
   53   56   60   66   70   75   78   81   83   83   81   78   74   70   66   63
   58   56   56   58   64   72   82   92  100  104  109  115  121  128  133  137
  139  141  141  139  137  133  129  127  125  122  118  114  111  108  107  107
  107  107  106  104  100   93   84   76   66
    35.0-180.0 180.0   5.0 450.0                            LAT/LON1/LON2/DLON/H
   67   59   55   54   55   57   58   57   57   58   61   63   65   64   61   60
   61   63   67   71   75   80   82   82   83   81   79   76   72   69   67   64
   61   59   58   60   66   75   86   97  105  110  115  121  128  134  141  144
  146  146  144  141  137  132  129  128  128  127  124  120  115  111  109  109
  109  110  110  108  104   96   87   77   67
    32.5-180.0 180.0   5.0 450.0                            LAT/LON1/LON2/DLON/H
   66   56   50   49   50   52   54   55   57   59   64   68   71   70   69   67
   67   68   71   74   77   81   82   81   79   77   73   71   68   66   65   64
   62   61   61   62   67   76   89  101  109  115  120  126  133  141  147  151
  152  152  149  145  140  137  136  138  143  145  144  139  132  125  119  116
  115  116  116  114  109  101   91   79   66
    30.0-180.0 180.0   5.0 450.0                            LAT/LON1/LON2/DLON/H
   68   56   48   43   43   44   47   49   53   57   64   69   73   74   73   72
   72   72   74   75   78   80   79   78   74   70   67   64   64   64   63   63
   62   61   61   62   66   76   90  102  111  117  123  130  139  147  153  157
  159  158  156  153  151  150  152  161  170  177  178  173  162  151  138  131
  127  126  125  122  117  108   96   83   68
    27.5-180.0 180.0   5.0 450.0                            LAT/LON1/LON2/DLON/H
   73   60   48   41   38   38   40   41   46   52   61   68   73   75   76   75
   75   75   75   76   76   78   77   74   70   65   61   60   60   61   62   62
   62   61   60   59   64   74   89  102  112  120  126  134  144  152  159  163
  166  168  169  169  169  172  177  191  207  220  225  219  204  187  169  156
  145  141  138  135  129  118  105   89   73
    25.0-180.0 180.0   5.0 450.0                            LAT/LON1/LON2/DLON/H
   84   68   56   46   39   36   36   36   40   47   56   64   70   73   75   76
   76   76   75   76   76   77   76   73   68   63   59   57   58   60   60   61
   60   59   57   56   61   72   87  102  113  121  129  138  149  159  167  172
  175  181  185  189  194  200  208  228  250  270  278  272  255  231  206  186
  170  161  155  151  144  132  119  101   84
    22.5-180.0 180.0   5.0 450.0                            LAT/LON1/LON2/DLON/H
   99   83   70   57   48   42   38   37   38   45   52   59   65   69   71   72
   74   75   75   75   76   77   76   73   69   64   60   58   58   59   60   59
   57   55   53   54   59   71   86  101  113  123  132  143  154  166  175  181
  187  195  204  214  222  232  243  266  291  315  327  325  308  279  247  222
  199  186  176  170  162  152  136  118   99
    20.0-180.0 180.0   5.0 450.0                            LAT/LON1/LON2/DLON/H
  120  102   89   75   63   54   48   43   41   43   48   55   60   64   66   68
   71   73   74   75   76   77   76   75   72   67   62   60   59   59   59   57
   54   52   51   52   59   71   86  101  113  124  135  147  161  175  184  192
  200  213  226  240  252  261  277  296  318  340  356  358  346  321  287  258
  233  216  201  192  182  172  158  138  120
    17.5-180.0 180.0   5.0 450.0                            LAT/LON1/LON2/DLON/H
  147  129  111   96   82   71   64   55   48   46   47   52   57   59   61   63
   66   70   72   74   75   77   77   77   75   72   67   63   61   59   58   56
   53   50   49   52   59   72   88  102  115  126  138  153  169  184  196  207
  218  235  251  264  277  286  298  313  328  347  363  370  365  346  318  290
  264  245  229  216  205  195  181  163  147
    15.0-180.0 180.0   5.0 450.0                            LAT/LON1/LON2/DLON/H
  174  156  138  123  106   93   82   72   61   52   50   51   55   56   57   59
   63   67   70   72   73   75   76   77   77   75   71   67   63   61   58   55
   51   48   48   52   61   74   90  105  117  129  143  159  178  195  211  225
  240  256  273  284  293  300  308  317  327  343  358  367  367  354  333  309
  285  266  252  239  227  217  205  191  174
    12.5-180.0 180.0   5.0 450.0                            LAT/LON1/LON2/DLON/H
  200  184  167  151  133  116  103   90   77   64   56   54   56   56   56   57
   60   64   67   70   71   72   74   77   79   79   75   70   66   62   59   55
   51   48   48   53   63   79   94  108  120  133  148  166  185  205  224  240
  258  273  287  296  301  305  309  312  318  329  343  353  356  349  336  317
  297  280  266  254  247  237  226  214  200
    10.0-180.0 180.0   5.0 450.0                            LAT/LON1/LON2/DLON/H
  221  208  192  175  157  139  124  111   94   78   66   62   60   60   58   57
   59   62   65   67   68   70   72   76   80   81   78   73   67   64   60   55
   50   46   47   54   67   83   99  112  124  137  152  170  190  210  231  250
  267  281  293  298  301  304  305  306  308  315  326  335  339  338  330  316
  301  287  275  266  259  252  242  233  221
     7.5-180.0 180.0   5.0 450.0                            LAT/LON1/LON2/DLON/H
  237  225  211  194  177  160  144  129  111   93   80   73   69   67   63   61
   62   63   66   67   67   69   71   76   81   83   81   75   69   65   60   55
   50   46   47   56   71   88  103  116  127  140  154  171  189  209  230  251
  267  280  289  294  296  298  299  301  302  306  314  320  324  324  320  311
  300  289  280  272  267  262  254  246  237
     5.0-180.0 180.0   5.0 450.0                            LAT/LON1/LON2/DLON/H
  248  238  224  207  190  173  157  143  125  107   95   86   81   78   72   69
   68   69   69   69   69   70   72   77   83   85   84   78   72   66   62   56
   50   47   49   60   75   91  105  117  129  139  152  167  184  203  224  244
  260  271  279  285  288  291  294  298  301  305  310  312  314  314  312  306
  298  289  280  274  271  269  264  257  248
     2.5-180.0 180.0   5.0 450.0                            LAT/LON1/LON2/DLON/H
  256  247  234  217  198  182  167  151  135  120  108  100   96   92   86   81
   79   78   78   75   74   74   76   80   86   88   87   82   74   68   63   58
   52   49   52   63   80   95  107  118  127  137  149  162  177  194  214  233
  247  258  267  274  280  285  292  299  306  311  313  312  309  307  304  300
  295  288  279  275  273  273  270  264  256
