data/7 day dataset/IGS corrections/igsg3040.20i
     1.0            IONOSPHERE MAPS     MIX                 IONEX VERSION / TYPE
cmpcmb v1.2          GRL/UWM            12-nov-20 16:55     PGM / RUN BY / DATE 
ionex file containing IGS COMBINED Ionosphere maps          COMMENT             
global ionosphere maps for day 304, 2020                    DESCRIPTION         
IONEX file containing the COMBINED IGS TEC MAPS and DCBs    DESCRIPTION         
      IONEX files of the following IAACs were combined: cod DESCRIPTION         
                                                        esa DESCRIPTION         
                                                        jpl DESCRIPTION         
                                                        upc DESCRIPTION         
Contact address: Andrzej Krankowski                         DESCRIPTION
                 Geodynamics Research Laboratory            DESCRIPTION
                 University of Warmia and Mazury (GRL/UWM)  DESCRIPTION
                 Oczapowski St. 1                           DESCRIPTION
                 10-957-Olsztyn, POLAND                     DESCRIPTION
                 e-mail:  kand@uwm.edu.pl                   DESCRIPTION
                                                            DESCRIPTION         
  2020    10    30     0     0     0                        EPOCH OF FIRST MAP  
  2020    10    31     0     0     0                        EPOCH OF LAST MAP   
  7200                                                      INTERVAL            
    13                                                      # OF MAPS IN FILE   
  COSZ                                                      MAPPING FUNCTION    
     0.0                                                    ELEVATION CUTOFF    
combined TEC calculated as weighted mean of input TEC valuesOBSERVABLES USED    
   421                                                      # OF STATIONS       
    31                                                      # OF SATELLITES     
  6371.0                                                    BASE RADIUS         
     2                                                      MAP DIMENSION       
   450.0 450.0   0.0                                        HGT1 / HGT2 / DHGT  
    87.5 -87.5  -2.5                                        LAT1 / LAT2 / DLAT  
  -180.0 180.0   5.0                                        LON1 / LON2 / DLON  
    -1                                                      EXPONENT            
TEC values in 0.1 tec units;  9999, if no value available   COMMENT             
DCB values in nanoseconds, reference is Sum_of_SatDCBs = 0  COMMENT             
                                                            END OF HEADER       
[from data line 1716]
     5                                                      START OF TEC MAP    
  2020    10    30     8     0     0                        EPOCH OF CURRENT MAP
    87.5-180.0 180.0   5.0 450.0                            LAT/LON1/LON2/DLON/H
   30   30   30   30   30   31   31   31   31   31   30   30   30   30   29   29
   29   29   29   29   29   29   29   29   29   29   29   29   29   29   30   30
   30   31   31   31   31   31   31   31   31   32   32   32   32   32   32   32
   32   31   32   32   31   31   30   30   30   29   29   28   28   28   28   28
   29   29   29   29   29   30   30   30   30
    85.0-180.0 180.0   5.0 450.0                            LAT/LON1/LON2/DLON/H
   29   30   30   30   29   30   30   29   29   29   28   28   27   27   27   27
   26   26   25   25   25   25   25   25   25   25   25   27   27   27   28   28
   29   29   30   30   31   31   31   31   32   32   32   32   32   32   31   31
   31   31   31   30   30   29   29   29   28   27   27   26   26   26   26   26
   26   26   27   27   28   29   29   29   29
    82.5-180.0 180.0   5.0 450.0                            LAT/LON1/LON2/DLON/H
   29   29   29   29   29   29   29   28   28   27   26   25   25   24   23   22
   21   21   20   20   20   20   20   20   21   22   23   24   24   25   26   27
   27   28   29   30   31   32   32   33   33   32   33   33   33   33   33   32
   32   31   31   30   29   28   28   27   26   26   25   24   24   23   23   23
   23   23   24   25   25   26   27   28   29
    80.0-180.0 180.0   5.0 450.0                            LAT/LON1/LON2/DLON/H
   26   27   28   28   28   28   28   27   26   25   24   23   21   20   19   18
   17   16   16   15   15   15   15   17   17   18   19   20   21   22   24   25
   26   28   29   30   31   32   33   33   34   34   34   34   35   35   35   34
   34   34   34   33   32   31   30   29   27   27   26   25   24   23   22   21
   21   21   21   22   23   24   25   25   26
    77.5-180.0 180.0   5.0 450.0                            LAT/LON1/LON2/DLON/H
   23   25   25   26   26   26   26   26   25   23   22   21   19   17   15   14
   13   13   13   13   13   13   14   14   15   15   17   18   18   20   21   22
   24   26   28   29   31   32   33   34   35   36   36   37   37   37   37   38
   38   39   39   39   39   38   37   36   34   32   31   29   27   25   23   21
   20   20   19   20   19   20   21   22   23
    75.0-180.0 180.0   5.0 450.0                            LAT/LON1/LON2/DLON/H
   20   21   22   23   24   25   25   24   24   23   21   19   18   15   15   13
   12   12   12   13   13   13   14   14   15   15   15   16   17   18   19   21
   22   24   27   29   31   33   35   36   37   38   39   40   40   41   42   43
   44   46   47   48   48   48   47   45   44   42   39   36   33   30   27   24
   22   20   18   17   17   17   18   19   20
    72.5-180.0 180.0   5.0 450.0                            LAT/LON1/LON2/DLON/H
   16   17   19   20   22   23   23   24   23   23   21   19   17   16   14   13
   13   13   13   13   14   16   16   17   16   16   16   16   16   16   17   19
   20   23   26   28   31   35   36   38   40   41   43   44   45   46   48   50
   51   53   55   57   58   59   58   57   54   52   49   44   40   37   32   29
   25   22   19   17   16   15   15   15   16
    70.0-180.0 180.0   5.0 450.0                            LAT/LON1/LON2/DLON/H
   14   15   16   18   20   21   23   23   23   23   21   19   17   16   14   15
   14   14   15   17   18   19   19   19   19   19   19   18   16   16   16   17
   19   22   25   29   32   35   38   40   42   44   47   48   50   52   55   57
   60   62   64   66   68   69   68   67   65   61   58   53   48   44   38   34
   30   26   22   19   17   15   14   14   14
    67.5-180.0 180.0   5.0 450.0                            LAT/LON1/LON2/DLON/H
   13   13   14   16   18   20   22   22   23   23   21   19   18   16   16   16
   15   17   19   20   21   22   22   23   22   21   20   19   17   16   15   17
   18   22   25   29   33   37   40   42   45   47   50   53   55   58   62   64
   67   69   72   74   75   76   76   75   72   69   65   60   55   50   45   40
   35   31   26   23   19   16   15   13   13
    65.0-180.0 180.0   5.0 450.0                            LAT/LON1/LON2/DLON/H
   13   13   13   14   16   19   20   22   22   22   21   19   18   17   17   16
   18   19   21   22   23   24   24   23   22   21   20   18   18   17   17   17
   20   23   28   31   35   38   42   44   47   51   55   58   62   65   68   71
   74   77   79   80   81   81   80   79   77   74   70   65   60   55   50   45
   40   35   31   26   22   19   16   14   13
    62.5-180.0 180.0   5.0 450.0                            LAT/LON1/LON2/DLON/H
   15   14   14   15   16   18   19   20   20   20   19   19   18   17   17   18
   19   20   21   22   23   22   22   21   21   20   19   18   18   17   18   19
   22   26   30   34   38   41   44   46   50   54   59   64   69   72   76   78
   81   82   83   84   83   83   82   80   78   74   71   67   63   58   53   49
   44   40   35   30   26   23   19   16   15
    60.0-180.0 180.0   5.0 450.0                            LAT/LON1/LON2/DLON/H
   18   17   15   16   16   17   18   18   18   18   18   18   17   16   17   17
   19   20   20   20   20   20   19   18   18   18   18   18   18   19   20   22
   26   31   35   39   42   44   47   50   54   58   64   70   75   80   83   85
   86   86   86   86   85   83   81   79   77   75   72   68   65   60   56   52
   47   43   38   34   30   27   23   20   18
    57.5-180.0 180.0   5.0 450.0                            LAT/LON1/LON2/DLON/H
   23   21   19   18   18   17   17   16   16   16   16   16   16   16   17   17
   18   18   18   17   17   16   16   16   16   16   17   19   20   22   23   26
   31   36   41   45   48   50   52   55   58   64   70   76   82   87   90   91
   92   91   90   89   87   85   82   80   78   76   74   71   68   64   59   55
   49   45   40   36   33   30   27   25   23
    55.0-180.0 180.0   5.0 450.0                            LAT/LON1/LON2/DLON/H
   28   26   24   23   21   19   18   17   16   15   16   16   17   17   17   17
   18   17   16   15   15   14   14   15   16   18   19   21   23   25   27   32
   37   42   48   52   54   56   58   60   63   69   76   83   89   94   97   98
   98   96   95   94   91   89   86   83   81   80   79   77   74   70   64   59
   52   46   42   39   36   34   32   30   28
    52.5-180.0 180.0   5.0 450.0                            LAT/LON1/LON2/DLON/H
   34   33   31   29   27   24   21   19   17   16   17   17   18   18   18   18
   18   17   17   16   15   15   16   18   20   22   24   25   26   28   32   37
   44   50   55   60   62   63   65   67   70   76   82   90   96  101  104  105
  105  103  102  100   98   96   93   91   89   88   87   85   82   78   71   63
   56   49   45   42   40   38   37   36   34
    50.0-180.0 180.0   5.0 450.0                            LAT/LON1/LON2/DLON/H
   41   40   38   37   34   31   27   24   22   20   20   21   22   21   21   21
   21   20   20   19   19   21   23   26   28   31   32   33   32   33   36   42
   49   56   62   68   69   71   72   75   78   84   90   97  103  108  111  112
  112  111  110  108  107  105  102  100   98   97   96   94   91   85   78   69
   61   53   48   46   45   44   43   42   41
    47.5-180.0 180.0   5.0 450.0                            LAT/LON1/LON2/DLON/H
   48   47   46   44   42   39   35   31   29   26   26   26   27   27   26   26
   26   26   26   27   28   30   33   37   39   41   41   41   39   39   40   46
   54   62   68   74   78   80   82   84   88   93   98  105  110  115  117  118
  117  116  116  115  115  114  111  109  107  105  105  102   98   93   85   76
   67   59   54   51   50   49   49   49   48
    45.0-180.0 180.0   5.0 450.0                            LAT/LON1/LON2/DLON/H
   54   54   53   52   49   47   43   40   37   34   33   34   34   34   33   33
   33   34   35   38   40   43   46   50   51   53   52   49   47   44   45   50
   58   67   75   82   87   90   93   95   98  102  107  112  117  121  123  123
  122  122  121  122  122  121  118  115  113  111  109  107  104   98   92   83
   74   66   60   57   55   55   55   55   54
    42.5-180.0 180.0   5.0 450.0                            LAT/LON1/LON2/DLON/H
   59   58   58   57   56   54   51   48   45   43   42   42   43   42   41   40
   41   43   46   50   53   56   59   62   62   62   59   55   52   49   49   54
   62   71   80   88   94   99  103  106  109  113  116  119  123  126  127  128
  126  126  126  126  127  125  121  118  114  112  111  109  106  103   97   90
   82   73   68   64   61   60   60   59   59
    40.0-180.0 180.0   5.0 450.0                            LAT/LON1/LON2/DLON/H
   60   60   60   60   59   58   57   54   51   50   50   51   51   50   49   49
   49   52   56   60   63   66   69   69   69   67   64   58   54   53   54   59
   67   77   86   94  102  108  113  118  121  123  125  128  130  131  132  132
  130  129  128  128  128  125  121  117  114  111  110  108  106  103  100   95
   89   82   75   71   66   65   63   61   60
    37.5-180.0 180.0   5.0 450.0                            LAT/LON1/LON2/DLON/H
   59   59   58   58   59   59   59   57   56   55   56   57   58   57   56   56
   57   59   64   68   71   73   75   74   71   68   64   59   56   55   57   63
   72   82   91   99  108  116  123  128  131  133  134  136  137  138  136  135
  133  132  131  130  128  124  121  117  115  112  110  107  104  103  101   99
   95   89   82   76   70   66   63   60   59
    35.0-180.0 180.0   5.0 450.0                            LAT/LON1/LON2/DLON/H
   55   54   54   53   54   56   57   57   57   57   59   62   63   63   62   62
   63   66   70   73   76   76   77   74   70   66   62   59   56   57   61   69
   78   87   95  104  114  122  131  137  141  143  144  146  146  146  142  140
  138  136  135  134  132  128  124  122  120  117  114  110  106  104  103  103
  100   95   88   80   73   67   61   57   55
    32.5-180.0 180.0   5.0 450.0                            LAT/LON1/LON2/DLON/H
   49   47   46   46   47   50   52   53   55   57   60   63   65   67   67   68
   69   71   73   75   76   77   75   70   67   63   60   58   57   59   65   73
   82   92  100  108  117  127  136  144  149  152  154  156  157  156  152  149
  146  145  144  143  141  138  137  135  134  131  126  120  114  109  107  107
  106  101   94   85   76   67   60   54   49
    30.0-180.0 180.0   5.0 450.0                            LAT/LON1/LON2/DLON/H
   46   42   40   40   40   42   44   47   50   54   57   61   65   68   70   71
   73   74   74   75   75   75   71   66   62   59   56   55   56   60   66   76
   86   96  104  112  120  130  140  148  155  161  165  168  170  168  166  162
  160  160  160  161  161  159  160  160  159  155  148  138  129  121  116  115
  112  107  100   90   80   70   62   53   46
    27.5-180.0 180.0   5.0 450.0                            LAT/LON1/LON2/DLON/H
   49   42   38   36   35   36   38   41   44   48   54   59   63   68   71   74
   75   75   75   74   73   72   67   63   58   55   53   53   56   60   67   77
   88   98  106  114  122  131  142  153  161  170  177  182  184  184  183  181
  181  184  187  188  190  191  193  196  194  189  178  165  152  140  132  127
  123  116  108   97   87   78   68   58   49
    25.0-180.0 180.0   5.0 450.0                            LAT/LON1/LON2/DLON/H
   60   49   42   37   34   34   35   37   40   43   50   56   60   66   70   74
   75   74   74   73   72   69   66   61   56   52   51   51   54   60   67   76
   88   98  107  115  123  133  145  157  167  178  189  198  203  204  205  205
  208  215  222  226  230  230  234  239  236  227  214  200  184  168  153  145
  137  127  119  108   98   89   80   71   60
    22.5-180.0 180.0   5.0 450.0                            LAT/LON1/LON2/DLON/H
   77   65   52   44   38   35   35   37   39   42   49   53   57   63   68   71
   73   73   72   71   70   69   65   61   55   52   50   50   52   57   64   74
   85   97  107  115  124  135  149  163  176  189  203  216  223  226  230  234
  241  247  258  268  274  274  278  281  277  268  256  240  222  201  182  170
  157  145  133  122  113  105   97   88   77
    20.0-180.0 180.0   5.0 450.0                            LAT/LON1/LON2/DLON/H
   98   85   69   57   46   41   40   40   40   44   49   52   55   60   64   68
   69   70   70   69   70   68   65   61   57   53   49   48   49   53   61   71
   83   96  108  117  127  139  154  170  186  202  218  233  244  249  258  263
  273  282  293  304  311  313  315  315  311  305  295  280  259  235  213  198
  180  165  150  139  133  126  118  109   98
    17.5-180.0 180.0   5.0 450.0                            LAT/LON1/LON2/DLON/H
  119  106   88   72   58   49   46   46   46   47   51   52   54   57   60   64
   66   66   66   67   68   68   66   62   58   54   49   47   48   52   60   70
   83   97  109  121  133  145  161  179  198  216  233  249  262  272  282  291
  303  313  321  330  336  338  338  335  332  328  322  310  290  265  243  226
  207  188  172  162  154  148  142  132  119
    15.0-180.0 180.0   5.0 450.0                            LAT/LON1/LON2/DLON/H
  138  123  105   87   71   61   55   53   52   53   54   54   54   56   57   60
   62   63   63   64   65   66   65   62   59   55   50   48   48   52   60   71
   86  100  113  126  139  152  169  189  209  228  247  263  276  289  302  314
  326  335  340  346  349  349  346  342  340  339  337  330  313  290  268  250
  231  212  195  185  177  171  163  152  138
    12.5-180.0 180.0   5.0 450.0                            LAT/LON1/LON2/DLON/H
  155  137  117  102   85   74   67   62   60   59   59   57   56   56   57   58
   60   61   61   62   63   64   63   62   59   56   52   49   50   55   63   75
   88  103  117  130  143  157  177  197  217  238  256  274  289  303  316  329
  339  345  349  352  351  347  342  338  338  340  341  337  326  305  284  267
  249  231  215  204  195  188  180  167  155
    10.0-180.0 180.0   5.0 450.0                            LAT/LON1/LON2/DLON/H
  163  145  128  111   98   86   78   72   68   67   65   63   60   58   58   58
   59   59   59   60   60   61   61   60   59   57   53   52   53   58   68   79
   94  108  121  133  147  162  181  203  224  244  264  283  298  312  323  333
  341  345  347  347  343  337  331  328  330  336  339  338  328  310  292  275
  258  241  226  214  206  198  189  177  163
     7.5-180.0 180.0   5.0 450.0                            LAT/LON1/LON2/DLON/H
  163  147  133  120  109   98   90   84   79   76   73   70   66   63   61   61
   60   60   59   58   58   58   58   59   58   57   55   53   55   62   72   85
  100  113  125  136  149  165  185  206  227  247  268  286  301  313  322  329
  335  338  337  336  330  324  319  319  323  330  336  336  326  309  291  275
  259  243  228  216  208  201  191  178  163
     5.0-180.0 180.0   5.0 450.0                            LAT/LON1/LON2/DLON/H
  158  145  136  127  117  109  103   97   92   87   83   79   75   69   68   67
   64   63   61   60   59   57   58   58   58   58   57   56   58   66   77   91
  105  117  127  139  151  167  185  206  225  245  263  280  294  305  314  319
  324  327  325  323  318  312  310  313  320  328  334  332  321  303  285  271
  256  240  225  213  204  196  187  173  158
     2.5-180.0 180.0   5.0 450.0                            LAT/LON1/LON2/DLON/H
  151  141  136  130  124  120  116  110  105   99   94   89   85   78   75   74
   71   68   66   63   60   58   58   58   60   59   59   58   61   69   81   96
  109  120  129  140  152  166  182  200  217  235  251  267  281  292  301  305
  309  313  313  310  307  304  306  312  320  329  334  330  316  296  277  263
  250  236  221  208  197  189  179  166  151
